   1        57628.2275810185        24.7198804887060        33.1607378566650
   2        57628.2275821759        24.7180882933702        33.1609220197952
   3        57628.2275833333        24.7164010712786        33.1609916352334
   4        57628.2275844907        24.7145551768409        33.1610609993774
   5        57628.2275856482        24.7125631987605        33.1610980737940
   6        57628.2275868056        24.7105976006558        33.1609557369616
   7        57628.2275879630        24.7084219305151        33.1607916814712
   8        57628.2275891204        24.7064628826736        33.1605601557063
   9        57628.2275902778        24.7044363717515        33.1603612403506
  10        57628.2275914352        24.7024600852180        33.1601075674029
  11        57628.2275925926        24.7002892258812        33.1599387565671
  12        57628.2275937500        24.6981298717423        33.1597800205219
  13        57628.2275949074        24.6960647636343        33.1595869493685
  14        57628.2275960648        24.6938590511577        33.1594469723109
  15        57628.2275972222        24.6917834481200        33.1592609057976
  16        57628.2275983796        24.6895144203656        33.1591034343094
  17        57628.2275995370        24.6874695128688        33.1589387445698
  18        57628.2276006944        24.6856030778049        33.1588166288392
  19        57628.2276018519        24.6835791872631        33.1587705345558
  20        57628.2276030093        24.6815858518648        33.1586865847070
  21        57628.2276041667        24.6795659287080        33.1585738604651
  22        57628.2276053241        24.6776471812171        33.1584724913162
  23        57628.2276064815        24.6756476982327        33.1584637895038
  24        57628.2276076389        24.6736455069288        33.1585082422598
  25        57628.2276087963        24.6715769212217        33.1586023347473
  26        57628.2276099537        24.6695221397372        33.1587406755549
  27        57628.2276111111        24.6676073410059        33.1588540503759
  28        57628.2276122685        24.6656099489420        33.1590119130044
  29        57628.2276134259        24.6637697166270        33.1591078376230
  30        57628.2276145833        24.6619252536068        33.1591947080476
  31        57628.2276157407        24.6599748544476        33.1592871240755
  32        57628.2276168981        24.6580895532641        33.1593456119706
  33        57628.2276180556        24.6560463536948        33.1594349618784
  34        57628.2276192130        24.6540727341723        33.1594667164904
  35        57628.2276203704        24.6520769599490        33.1594953064879
  36        57628.2276215278        24.6502310536585        33.1595200693597
  37        57628.2276226852        24.6483349297273        33.1595995933153
  38        57628.2276238426        24.6463797849015        33.1597297958362
  39        57628.2276250000        24.6444664911862        33.1598462996429
  40        57628.2276261574        24.6423882384560        33.1599785648685
  41        57628.2276273148        24.6404971134470        33.1599777898549
  42        57628.2276284722        24.6384821092064        33.1600092518905
  43        57628.2276296296        24.6364696043922        33.1600607988578
  44        57628.2276307870        24.6345140686247        33.1600867447512
  45        57628.2276319444        24.6325549861393        33.1600755943258
  46        57628.2276331019        24.6306121039237        33.1600695983119
  47        57628.2276342593        24.6286298107241        33.1600382579047
  48        57628.2276354167        24.6267477454897        33.1599706334896
  49        57628.2276365741        24.6247011367660        33.1599638888247
  50        57628.2276377315        24.6226489025512        33.1599450941472
  51        57628.2276388889        24.6206314586680        33.1599117366425
  52        57628.2276400463        24.6185574863891        33.1599348989222
  53        57628.2276412037        24.6167057258735        33.1598435609065
  54        57628.2276423611        24.6146556404185        33.1597998127582
  55        57628.2276435185        24.6126664723173        33.1598126617832
  56        57628.2276446759        24.6106731388968        33.1598755891740
  57        57628.2276458333        24.6086935219068        33.1599236081187
  58        57628.2276469907        24.6067096880063        33.1599625923325
  59        57628.2276481481        24.6046843136896        33.1599421655447
  60        57628.2276493056        24.6027623302109        33.1598774712191
  61        57628.2276504630        24.6007398934748        33.1599222422709
  62        57628.2276516204        24.5988408684694        33.1599509180210
  63        57628.2276527778        24.5968173429244        33.1599786578415
  64        57628.2276539352        24.5948110786895        33.1600285795495
  65        57628.2276550926        24.5929278902176        33.1600173563300
  66        57628.2276562500        24.5908555106249        33.1600437669725
  67        57628.2276574074        24.5888904067897        33.1600489785550
  68        57628.2276585648        24.5868690396661        33.1600517759109
  69        57628.2276597222        24.5848916306675        33.1600158706551
  70        57628.2276608796        24.5829205893188        33.1600230919651
  71        57628.2276620370        24.5810160182962        33.1599807718991
  72        57628.2276631944        24.5790463853950        33.1599319667364
  73        57628.2276643518        24.5769628620195        33.1599934589521
  74        57628.2276655093        24.5749789032572        33.1601057782111
  75        57628.2276666667        24.5728901604249        33.1602593663692
  76        57628.2276678241        24.5709969540700        33.1603593782656
  77        57628.2276689815        24.5691185067097        33.1604024436879
  78        57628.2276701389        24.5670821444374        33.1604172955135
  79        57628.2276712963        24.5651745039948        33.1603830825527
  80        57628.2276724537        24.5632447358208        33.1604047795792
  81        57628.2276736111        24.5612994986511        33.1603933460806
  82        57628.2276747685        24.5592948406667        33.1603874905425
  83        57628.2276759259        24.5573338018696        33.1603569578612
  84        57628.2276770833        24.5553499215821        33.1603512939145
  85        57628.2276782407        24.5532651221881        33.1603508980809
  86        57628.2276793982        24.5512264075985        33.1603458616804
  87        57628.2276805556        24.5490776360842        33.1604150760661
  88        57628.2276817130        24.5471486731291        33.1604088919935
  89        57628.2276828704        24.5451722470158        33.1604043727732
  90        57628.2276840278        24.5431736787852        33.1603967040085
  91        57628.2276851852        24.5412187326813        33.1603643629428
  92        57628.2276863426        24.5392532475669        33.1603979981948
  93        57628.2276875000        24.5373450950660        33.1604510837133
  94        57628.2276886574        24.5354327340289        33.1604951472893
  95        57628.2276898148        24.5335573153498        33.1604854742859
  96        57628.2276909722        24.5315022143443        33.1604304676431
  97        57628.2276921296        24.5293873443562        33.1603950488390
  98        57628.2276932870        24.5273544197933        33.1604022712559
  99        57628.2276944444        24.5252381633639        33.1604229012931
 100        57628.2276956019        24.5233019912518        33.1603568562027
 101        57628.2276967593        24.5212350268316        33.1603648677927
 102        57628.2276979167        24.5192281913792        33.1603393502295
 103        57628.2276990741        24.5172801085039        33.1602772794782
 104        57628.2277002315        24.5153060082319        33.1602480419794
 105        57628.2277013889        24.5133393068921        33.1602198780148
 106        57628.2277025463        24.5113416785836        33.1601845069938
 107        57628.2277037037        24.5093887273015        33.1601414830158
 108        57628.2277048611        24.5073207899468        33.1601326368486
 109        57628.2277060185        24.5052507458627        33.1601487919548
 110        57628.2277071759        24.5032373051049        33.1602123705048
 111        57628.2277083333        24.5012708042295        33.1603021952983
 112        57628.2277094907        24.4994645198840        33.1603223179456
 113        57628.2277106481        24.4974557180470        33.1603219844180
 114        57628.2277118056        24.4954842415561        33.1602539559797
 115        57628.2277129630        24.4935018685865        33.1602068646019
 116        57628.2277141204        24.4915103634704        33.1601697258365
 117        57628.2277152778        24.4895051509829        33.1601475030326
 118        57628.2277164352        24.4875055710308        33.1601373353615
 119        57628.2277175926        24.4855109415325        33.1601082308400
 120        57628.2277187500        24.4834153656179        33.1601433842696
 121        57628.2277199074        24.4813882310539        33.1601593080796
 122        57628.2277210648        24.4793236172064        33.1602017131442
 123        57628.2277222222        24.4773676780466        33.1602259273199
 124        57628.2277233796        24.4754328589903        33.1602363175579
 125        57628.2277245370        24.4733738969592        33.1602908008642
 126        57628.2277256944        24.4714697255804        33.1602634695163
 127        57628.2277268519        24.4695025186654        33.1602635349456
 128        57628.2277280093        24.4675904390995        33.1603078997328
 129        57628.2277291667        24.4656780078247        33.1603662684808
 130        57628.2277303241        24.4637779080420        33.1604067501171
 131        57628.2277314815        24.4618167679618        33.1603993640546
 132        57628.2277326389        24.4597261858898        33.1603565451985
 133        57628.2277337963        24.4576690000900        33.1603409723046
 134        57628.2277349537        24.4555724189441        33.1603591113514
 135        57628.2277361111        24.4536488831350        33.1603345500279
 136        57628.2277372685        24.4516993112366        33.1603427937026
 137        57628.2277384259        24.4496371852612        33.1604051977523
 138        57628.2277395833        24.4477055756525        33.1604076070711
 139        57628.2277407407        24.4456807513436        33.1604613157776
 140        57628.2277418981        24.4437217099066        33.1604935309359
 141        57628.2277430556        24.4418289796396        33.1605091668917
 142        57628.2277442130        24.4399504983291        33.1605220088589
 143        57628.2277453704        24.4379675744363        33.1605620886138
 144        57628.2277465278        24.4359843625698        33.1605572295999
 145        57628.2277476852        24.4339325860020        33.1605678804514
 146        57628.2277488426        24.4319166277621        33.1606257495436
 147        57628.2277500000        24.4300304555901        33.1606515976243
 148        57628.2277511574        24.4280021920825        33.1607273860187
 149        57628.2277523148        24.4259669263727        33.1607881560354
 150        57628.2277534722        24.4239863034799        33.1607444645897
 151        57628.2277546296        24.4219539206794        33.1606727659533
 152        57628.2277557870        24.4199842575579        33.1606082248833
 153        57628.2277569444        24.4180184465559        33.1605667008712
 154        57628.2277581018        24.4160825484996        33.1605154240204
 155        57628.2277592593        24.4140376334146        33.1604963483437
 156        57628.2277604167        24.4119987128791        33.1604753376881
 157        57628.2277615741        24.4098768391899        33.1604537625334
 158        57628.2277627315        24.4078231870287        33.1604306917778
 159        57628.2277638889        24.4059039031895        33.1603706489850
 160        57628.2277650463        24.4038376683687        33.1603205771771
 161        57628.2277662037        24.4018574648676        33.1602555603609
 162        57628.2277673611        24.3998585348132        33.1601281436421
 163        57628.2277685185        24.3978634539438        33.1600237392521
 164        57628.2277696759        24.3959203344801        33.1599716267161
 165        57628.2277708333        24.3939930182606        33.1599386094112
 166        57628.2277719907        24.3920035940883        33.1598462927596
 167        57628.2277731482        24.3898690026697        33.1597529904064
 168        57628.2277743056        24.3877499438370        33.1596338750163
 169        57628.2277754630        24.3855759611366        33.1595742850422
 170        57628.2277766204        24.3835426003814        33.1595206841914
 171        57628.2277777778        24.3815275835557        33.1594610140407
 172        57628.2277789352        24.3794211005563        33.1594279076516
 173        57628.2277800926        24.3774605683475        33.1593678920101
 174        57628.2277812500        24.3754504368618        33.1593344956254
 175        57628.2277824074        24.3734632172617        33.1592763343170
 176        57628.2277835648        24.3715874698370        33.1592059915389
 177        57628.2277847222        24.3696628793301        33.1591343365471
 178        57628.2277858796        24.3676553481029        33.1590621344117
 179        57628.2277870370        24.3655828167802        33.1589835248100
 180        57628.2277881944        24.3634992454229        33.1589846680092
 181        57628.2277893519        24.3614142295095        33.1590416442639
 182        57628.2277905093        24.3594740771131        33.1590547757685
 183        57628.2277916667        24.3574380045668        33.1590543026202
 184        57628.2277928241        24.3553679730853        33.1589957661642
 185        57628.2277939815        24.3534508879183        33.1589253277121
 186        57628.2277951389        24.3514587533117        33.1589451574514
 187        57628.2277962963        24.3494789734656        33.1589471370423
 188        57628.2277974537        24.3475572232872        33.1589405530026
 189        57628.2277986111        24.3456209786983        33.1589767677159
 190        57628.2277997685        24.3436454351259        33.1589878007580
 191        57628.2278009259        24.3415900003166        33.1590491641724
 192        57628.2278020833        24.3395401724402        33.1591225443835
 193        57628.2278032407        24.3375030832567        33.1591641172369
 194        57628.2278043981        24.3356464174191        33.1591640500779
 195        57628.2278055556        24.3336715639636        33.1592060728257
 196        57628.2278067130        24.3317070403886        33.1591963378557
 197        57628.2278078704        24.3297646661551        33.1591897605895
 198        57628.2278090278        24.3277876783198        33.1592567372438
 199        57628.2278101852        24.3258711264841        33.1593350980178
 200        57628.2278113426        24.3239851095351        33.1594346097714
 201        57628.2278125000        24.3220484556963        33.1595437608157
 202        57628.2278136574        24.3200250625855        33.1596294109677
 203        57628.2278148148        24.3179866861541        33.1596681235417
 204        57628.2278159722        24.3159050630590        33.1597175258445
 205        57628.2278171296        24.3139309388016        33.1597905848203
 206        57628.2278182870        24.3120391496751        33.1598333128424
 207        57628.2278194444        24.3100221772364        33.1599031251136
 208        57628.2278206019        24.3080723945804        33.1599544628830
 209        57628.2278217593        24.3061511253472        33.1599930478985
 210        57628.2278229167        24.3041722430631        33.1600262824722
 211        57628.2278240741        24.3022820177432        33.1600132915991
 212        57628.2278252315        24.3003452822273        33.1600188145270
 213        57628.2278263889        24.2983599737195        33.1600089654362
 214        57628.2278275463        24.2962945264824        33.1600045771937
 215        57628.2278287037        24.2942354620237        33.1599843065344
 216        57628.2278298611        24.2921514817944        33.1599549213083
 217        57628.2278310185        24.2901757850288        33.1599212990097
 218        57628.2278321759        24.2882101206710        33.1599535281226
 219        57628.2278333333        24.2861659455061        33.1600390545371
 220        57628.2278344907        24.2842260130642        33.1600525544542
 221        57628.2278356481        24.2821923721548        33.1600136516945
 222        57628.2278368056        24.2801666595690        33.1599170227929
 223        57628.2278379630        24.2782424687659        33.1598459997289
 224        57628.2278391204        24.2762774383735        33.1598056112369
 225        57628.2278402778        24.2743080072457        33.1597114218873
 226        57628.2278414352        24.2722590597536        33.1596535882948
 227        57628.2278425926        24.2702055460075        33.1596007278787
 228        57628.2278437500        24.2681279064365        33.1595108776917
 229        57628.2278449074        24.2661902378221        33.1593960784348
 230        57628.2278460648        24.2641435425245        33.1593134554310
 231        57628.2278472222        24.2620218795750        33.1592374245377
 232        57628.2278483796        24.2600216680224        33.1591362346378
 233        57628.2278495370        24.2579602736385        33.1590515996209
 234        57628.2278506944        24.2559585235227        33.1590062167307
 235        57628.2278518519        24.2540483209796        33.1590241873846
 236        57628.2278530093        24.2520976636359        33.1590588381512
 237        57628.2278541667        24.2501021499038        33.1590563705683
 238        57628.2278553241        24.2480548006052        33.1590018070090
 239        57628.2278564815        24.2459620203878        33.1589828130961
 240        57628.2278576389        24.2439338545120        33.1589841719385
 241        57628.2278587963        24.2420087518722        33.1589535998772
 242        57628.2278599537        24.2399664643672        33.1589837757704
 243        57628.2278611111        24.2379513006702        33.1589982155352
 244        57628.2278622685        24.2360043310760        33.1590111216634
 245        57628.2278634259        24.2339979653168        33.1590296333006
 246        57628.2278645833        24.2320767370174        33.1590238256716
 247        57628.2278657407        24.2301937986928        33.1590262446059
 248        57628.2278668981        24.2282450852568        33.1590501534105
 249        57628.2278680556        24.2262622941413        33.1590748542698
 250        57628.2278692130        24.2242109366549        33.1591150544532
 251        57628.2278703704        24.2221346393921        33.1591691923296
 252        57628.2278715278        24.2201566651489        33.1592337768593
 253        57628.2278726852        24.2182249459641        33.1593384758355
 254        57628.2278738426        24.2161939507645        33.1594962860934
 255        57628.2278750000        24.2142953426000        33.1595833062727
 256        57628.2278761574        24.2123012579339        33.1596428569394
 257        57628.2278773148        24.2103249354105        33.1596517860983
 258        57628.2278784722        24.2084355507263        33.1596254697467
 259        57628.2278796296        24.2065144793432        33.1596198657597
 260        57628.2278807870        24.2046077696936        33.1596302895360
 261        57628.2278819444        24.2026173535237        33.1596402301958
 262        57628.2278831018        24.2005697314953        33.1596587476187
 263        57628.2278842593        24.1984834483853        33.1596830059586
 264        57628.2278854167        24.1965383384445        33.1596405341944
 265        57628.2278865741        24.1945358173272        33.1596375073976
 266        57628.2278877315        24.1924647311944        33.1596499811235
 267        57628.2278888889        24.1905206544304        33.1596244837616
 268        57628.2278900463        24.1885185812989        33.1596075921022
 269        57628.2278912037        24.1865394592185        33.1595660010571
 270        57628.2278923611        24.1846133693156        33.1595347080455
 271        57628.2278935185        24.1826957136688        33.1595661411620
 272        57628.2278946759        24.1807249342846        33.1596459785196
 273        57628.2278958333        24.1787136904271        33.1597424801952
 274        57628.2278969907        24.1766713939011        33.1597870929715
 275        57628.2278981482        24.1746082091985        33.1597868447260
 276        57628.2278993056        24.1726766246218        33.1597436880578
 277        57628.2279004630        24.1706531271512        33.1597546628187
 278        57628.2279016204        24.1686559451983        33.1597777498236
 279        57628.2279027778        24.1667319435933        33.1597804310556
 280        57628.2279039352        24.1647481424770        33.1598026405222
 281        57628.2279050926        24.1628167739126        33.1598043158083
 282        57628.2279062500        24.1608914175461        33.1598040561957
 283        57628.2279074074        24.1589237942517        33.1598313842830
 284        57628.2279085648        24.1568977625975        33.1598812287113
 285        57628.2279097222        24.1548193030053        33.1599516370579
 286        57628.2279108796        24.1527532290087        33.1600042456778
 287        57628.2279120370        24.1507583754528        33.1600026459509
 288        57628.2279131944        24.1488187600730        33.1599864964097
 289        57628.2279143519        24.1468231079614        33.1600127535188
 290        57628.2279155093        24.1448814527906        33.1600661883377
 291        57628.2279166667        24.1429826566632        33.1601228808501
 292        57628.2279178241        24.1409999807793        33.1601621814819
 293        57628.2279189815        24.1390648705346        33.1600964627629
 294        57628.2279201389        24.1371246240560        33.1600049011317
 295        57628.2279212963        24.1351205523181        33.1599686142354
 296        57628.2279224537        24.1330443034455        33.1599696636359
 297        57628.2279236111        24.1309771244685        33.1599607988422
 298        57628.2279247685        24.1289006151728        33.1599617595598
 299        57628.2279259259        24.1269553022727        33.1599337340917
 300        57628.2279270833        24.1249735461056        33.1598866296640
 301        57628.2279282407        24.1229389519238        33.1598739960045
