   1        57628.2280439815        24.1241395419547        33.1702526058516
   2        57628.2280451389        24.1258620573920        33.1704366040063
   3        57628.2280462963        24.1278800313215        33.1705002909334
   4        57628.2280474537        24.1298419620979        33.1704583877815
   5        57628.2280486111        24.1318593830347        33.1703433209594
   6        57628.2280497685        24.1338292881660        33.1702298475543
   7        57628.2280509259        24.1358282350054        33.1701343761746
   8        57628.2280520833        24.1378475979837        33.1700531584683
   9        57628.2280532407        24.1398927520665        33.1699533351662
  10        57628.2280543981        24.1419907675751        33.1698190476116
  11        57628.2280555556        24.1440858100000        33.1696339541631
  12        57628.2280567130        24.1461937479958        33.1694617768015
  13        57628.2280578704        24.1483062822949        33.1692846731434
  14        57628.2280590278        24.1502776585061        33.1691743714403
  15        57628.2280601852        24.1521920605144        33.1690896935939
  16        57628.2280613426        24.1539532729747        33.1690755807087
  17        57628.2280625000        24.1558309975631        33.1690751259678
  18        57628.2280636574        24.1577736284283        33.1690809839955
  19        57628.2280648148        24.1597421215678        33.1691127886076
  20        57628.2280659722        24.1617245019951        33.1691744278484
  21        57628.2280671296        24.1636374653912        33.1692792956563
  22        57628.2280682870        24.1656710140266        33.1693620694697
  23        57628.2280694444        24.1676786962847        33.1694188552763
  24        57628.2280706019        24.1696701175592        33.1694258744454
  25        57628.2280717593        24.1716448500796        33.1693970189053
  26        57628.2280729167        24.1735872940349        33.1693580017376
  27        57628.2280740741        24.1756061208878        33.1692906423003
  28        57628.2280752315        24.1775178351884        33.1692892264862
  29        57628.2280763889        24.1794305530942        33.1693047741842
  30        57628.2280775463        24.1813158750431        33.1693947107907
  31        57628.2280787037        24.1833027472393        33.1694653199312
  32        57628.2280798611        24.1853340174017        33.1695283240058
  33        57628.2280810185        24.1873519310121        33.1695922294605
  34        57628.2280821759        24.1893951669854        33.1696513226229
  35        57628.2280833333        24.1913812261824        33.1696911885114
  36        57628.2280844907        24.1934905623717        33.1696702289944
  37        57628.2280856481        24.1955815371476        33.1696690300665
  38        57628.2280868056        24.1976065690467        33.1696445675087
  39        57628.2280879630        24.1996035011721        33.1696189417125
  40        57628.2280891204        24.2015810953647        33.1695961788236
  41        57628.2280902778        24.2035915678812        33.1695661471247
  42        57628.2280914352        24.2055268920395        33.1695709855868
  43        57628.2280925926        24.2074709929357        33.1695798747265
  44        57628.2280937500        24.2093967377667        33.1696085381975
  45        57628.2280949074        24.2113703486279        33.1696216083594
  46        57628.2280960648        24.2133200342572        33.1696424776568
  47        57628.2280972222        24.2152597123999        33.1697010605154
  48        57628.2280983796        24.2172472584944        33.1697440532939
  49        57628.2280995370        24.2192453837322        33.1697801630076
  50        57628.2281006944        24.2213013860375        33.1697629662902
  51        57628.2281018519        24.2232759188492        33.1697378532691
  52        57628.2281030093        24.2251756489804        33.1696957708032
  53        57628.2281041667        24.2271140478983        33.1696479481956
  54        57628.2281053241        24.2290939263784        33.1696004215657
  55        57628.2281064815        24.2311607879816        33.1695177131500
  56        57628.2281076389        24.2331961197961        33.1695004906134
  57        57628.2281087963        24.2352960295558        33.1695035866927
  58        57628.2281099537        24.2373488986851        33.1694944334025
  59        57628.2281111111        24.2393479186053        33.1695028135599
  60        57628.2281122685        24.2413423411387        33.1695161150156
  61        57628.2281134259        24.2432220336176        33.1695426846990
  62        57628.2281145833        24.2451831953861        33.1695289317940
  63        57628.2281157407        24.2470988773292        33.1695506872594
  64        57628.2281168981        24.2490219456370        33.1695735015917
  65        57628.2281180556        24.2509446195869        33.1696102610914
  66        57628.2281192130        24.2528738535900        33.1696759175892
  67        57628.2281203704        24.2549121719609        33.1697094636149
  68        57628.2281215278        24.2569666392558        33.1697480894782
  69        57628.2281226852        24.2590179127310        33.1697946522730
  70        57628.2281238426        24.2610263295084        33.1698379585025
  71        57628.2281250000        24.2630859560380        33.1698714706754
  72        57628.2281261574        24.2652112448669        33.1698698008151
  73        57628.2281273148        24.2672715534769        33.1698617485270
  74        57628.2281284722        24.2693839056940        33.1698470788305
  75        57628.2281296296        24.2713776011445        33.1698883413229
  76        57628.2281307870        24.2734297371629        33.1699071275392
  77        57628.2281319444        24.2753451057806        33.1699429404099
  78        57628.2281331019        24.2772299844280        33.1699576625801
  79        57628.2281342593        24.2790747854759        33.1699750966662
  80        57628.2281354167        24.2809365460106        33.1699697584990
  81        57628.2281365741        24.2829112601777        33.1699552065982
  82        57628.2281377315        24.2848763343276        33.1699645399473
  83        57628.2281388889        24.2868846917738        33.1699632375502
  84        57628.2281400463        24.2888894509834        33.1699838086423
  85        57628.2281412037        24.2909346882374        33.1699877236169
  86        57628.2281423611        24.2929747568815        33.1699657316189
  87        57628.2281435185        24.2949378667352        33.1699412367558
  88        57628.2281446759        24.2968886023048        33.1699345604320
  89        57628.2281458333        24.2988503190210        33.1699070701104
  90        57628.2281469907        24.3009031773454        33.1698533370912
  91        57628.2281481481        24.3029658255269        33.1698205885874
  92        57628.2281493056        24.3049939688784        33.1698025545123
  93        57628.2281504630        24.3070382685409        33.1697896207259
  94        57628.2281516204        24.3090107825560        33.1698000950293
  95        57628.2281527778        24.3110325481419        33.1697979537669
  96        57628.2281539352        24.3129512269889        33.1698259848119
  97        57628.2281550926        24.3148699083645        33.1698540196445
  98        57628.2281562500        24.3168212970650        33.1698782985978
  99        57628.2281574074        24.3187906394930        33.1698967340195
 100        57628.2281585648        24.3208152271841        33.1699006156943
 101        57628.2281597222        24.3227574645855        33.1699348126314
 102        57628.2281608796        24.3247724840187        33.1699625350601
 103        57628.2281620370        24.3267954772772        33.1700221737659
 104        57628.2281631944        24.3288607557111        33.1700542342153
 105        57628.2281643519        24.3308572597754        33.1700569746069
 106        57628.2281655093        24.3328136829886        33.1700624265755
 107        57628.2281666667        24.3348472779839        33.1700116402705
 108        57628.2281678241        24.3368858602876        33.1699419654647
 109        57628.2281689815        24.3389659282325        33.1698725890511
 110        57628.2281701389        24.3409512940136        33.1698513915539
 111        57628.2281712963        24.3429380752283        33.1698332340448
 112        57628.2281724537        24.3449204769906        33.1698648536089
 113        57628.2281736111        24.3468490407822        33.1699140304988
 114        57628.2281747685        24.3487857820256        33.1699363708688
 115        57628.2281759259        24.3506756611948        33.1699912470006
 116        57628.2281770833        24.3526530781829        33.1700417298643
 117        57628.2281782407        24.3546594233353        33.1700655387224
 118        57628.2281793981        24.3566861142826        33.1701034353665
 119        57628.2281805556        24.3587219821031        33.1701314402273
 120        57628.2281817130        24.3607357190955        33.1701563140219
 121        57628.2281828704        24.3628128518674        33.1701398069182
 122        57628.2281840278        24.3648256001293        33.1701477544244
 123        57628.2281851852        24.3668078448999        33.1701345910381
 124        57628.2281863426        24.3687573910956        33.1701251934643
 125        57628.2281875000        24.3707336629308        33.1701139964466
 126        57628.2281886574        24.3727711607955        33.1700862965792
 127        57628.2281898148        24.3747759714013        33.1700623826874
 128        57628.2281909722        24.3767803916257        33.1700524201704
 129        57628.2281921296        24.3787688721763        33.1700822034641
 130        57628.2281932870        24.3807753057898        33.1701061459962
 131        57628.2281944444        24.3827531093515        33.1701428783244
 132        57628.2281956018        24.3847051080338        33.1701535013815
 133        57628.2281967593        24.3866684628137        33.1701293251774
 134        57628.2281979167        24.3885985036991        33.1700780077210
 135        57628.2281990741        24.3906049013631        33.1699982936501
 136        57628.2282002315        24.3925514888790        33.1699381081385
 137        57628.2282013889        24.3945082731954        33.1698850183633
 138        57628.2282025463        24.3964555272107        33.1698558446675
 139        57628.2282037037        24.3984516509128        33.1698280286251
 140        57628.2282048611        24.4004681269510        33.1698143074451
 141        57628.2282060185        24.4024312915327        33.1698213546410
 142        57628.2282071759        24.4043971092553        33.1698172195428
 143        57628.2282083333        24.4063692971397        33.1697971731195
 144        57628.2282094907        24.4084082882181        33.1697725984299
 145        57628.2282106482        24.4104283374076        33.1697369401035
 146        57628.2282118056        24.4124226508157        33.1697200254872
 147        57628.2282129630        24.4144256097996        33.1697070392858
 148        57628.2282141204        24.4163990588194        33.1696898690945
 149        57628.2282152778        24.4183904595058        33.1696668529011
 150        57628.2282164352        24.4203170658900        33.1696822528394
 151        57628.2282175926        24.4222616425898        33.1696741527169
 152        57628.2282187500        24.4242291329399        33.1696589642534
 153        57628.2282199074        24.4262219504929        33.1696389691166
 154        57628.2282210648        24.4282091849665        33.1696069779098
 155        57628.2282222222        24.4301756865566        33.1695748549187
 156        57628.2282233796        24.4322006084627        33.1695202138936
 157        57628.2282245370        24.4342117818793        33.1694804344700
 158        57628.2282256944        24.4362050227688        33.1694465331268
 159        57628.2282268519        24.4381338713677        33.1694371167190
 160        57628.2282280093        24.4400665231977        33.1694506607198
 161        57628.2282291667        24.4420300066150        33.1694256034424
 162        57628.2282303241        24.4440043151066        33.1693806265712
 163        57628.2282314815        24.4460212731371        33.1692940615514
 164        57628.2282326389        24.4480135142165        33.1692431921763
 165        57628.2282337963        24.4500149432300        33.1691824612646
 166        57628.2282349537        24.4520184073702        33.1691556830827
 167        57628.2282361111        24.4540059573627        33.1691687030340
 168        57628.2282372685        24.4560082610644        33.1691838042471
 169        57628.2282384259        24.4579545494270        33.1692413712806
 170        57628.2282395833        24.4599785914501        33.1692735431295
 171        57628.2282407407        24.4619550294012        33.1692931049921
 172        57628.2282418981        24.4639425725603        33.1693060807785
 173        57628.2282430556        24.4658762856453        33.1693366266307
 174        57628.2282442130        24.4678458928181        33.1693554709863
 175        57628.2282453704        24.4698837131744        33.1693728127519
 176        57628.2282465278        24.4718543501696        33.1694086431171
 177        57628.2282476852        24.4738176142392        33.1694434334204
 178        57628.2282488426        24.4757695359554        33.1695130427543
 179        57628.2282500000        24.4777788718712        33.1695431819873
 180        57628.2282511574        24.4798512164532        33.1695458503551
 181        57628.2282523148        24.4819141391414        33.1695757020850
 182        57628.2282534722        24.4840086314932        33.1695815268762
 183        57628.2282546296        24.4860694197191        33.1695741702170
 184        57628.2282557870        24.4880967304515        33.1695984896085
 185        57628.2282569444        24.4901025292740        33.1696505847147
 186        57628.2282581019        24.4920802193242        33.1697015071736
 187        57628.2282592593        24.4940353901954        33.1697632522645
 188        57628.2282604167        24.4960134813032        33.1698002320836
 189        57628.2282615741        24.4980001216100        33.1697963905332
 190        57628.2282627315        24.4999281133468        33.1697701967124
 191        57628.2282638889        24.5018688919897        33.1697570894877
 192        57628.2282650463        24.5038306036286        33.1697441018573
 193        57628.2282662037        24.5058481981713        33.1697475168537
 194        57628.2282673611        24.5078492667665        33.1697598243883
 195        57628.2282685185        24.5098491757136        33.1698140077456
 196        57628.2282696759        24.5118058180624        33.1698788571317
 197        57628.2282708333        24.5138423871649        33.1698933981218
 198        57628.2282719907        24.5159250252021        33.1699032743983
 199        57628.2282731481        24.5180030844516        33.1699181056552
 200        57628.2282743056        24.5200607960575        33.1699188432676
 201        57628.2282754630        24.5221061370511        33.1699374665242
 202        57628.2282766204        24.5241349677883        33.1699649512392
 203        57628.2282777778        24.5261269050995        33.1699871995942
 204        57628.2282789352        24.5280787647430        33.1700121674522
 205        57628.2282800926        24.5300352090380        33.1700321812063
 206        57628.2282812500        24.5320127859734        33.1700383851239
 207        57628.2282824074        24.5339893566168        33.1700276330568
 208        57628.2282835648        24.5359244473601        33.1700165905078
 209        57628.2282847222        24.5378485962517        33.1700264292630
 210        57628.2282858796        24.5398174234894        33.1700286250503
 211        57628.2282870370        24.5418091704777        33.1700060581648
 212        57628.2282881944        24.5438149228856        33.1700135352491
 213        57628.2282893518        24.5457822482055        33.1700716358229
 214        57628.2282905093        24.5477686688694        33.1700819879888
 215        57628.2282916667        24.5498093028615        33.1700607942965
 216        57628.2282928241        24.5518788197122        33.1700128476027
 217        57628.2282939815        24.5539494731135        33.1699229764666
 218        57628.2282951389        24.5559652745699        33.1698337029635
 219        57628.2282962963        24.5579803176871        33.1697723738911
 220        57628.2282974537        24.5599507143965        33.1697187512679
 221        57628.2282986111        24.5618715018922        33.1696917891001
 222        57628.2282997685        24.5637778136890        33.1697076621756
 223        57628.2283009259        24.5656988872920        33.1697256326382
 224        57628.2283020833        24.5676161412832        33.1697206143058
 225        57628.2283032407        24.5695615168193        33.1697167772407
 226        57628.2283043982        24.5715276339731        33.1697130767743
 227        57628.2283055556        24.5734596508696        33.1697101390493
 228        57628.2283067130        24.5754525090190        33.1697046632321
 229        57628.2283078704        24.5774738746867        33.1696864192302
 230        57628.2283090278        24.5794818820619        33.1696690815361
 231        57628.2283101852        24.5814581483682        33.1696725466546
 232        57628.2283113426        24.5834464417984        33.1696720486435
 233        57628.2283125000        24.5854829653180        33.1696419575470
 234        57628.2283136574        24.5875761228762        33.1696002985049
 235        57628.2283148148        24.5896425586885        33.1695604445846
 236        57628.2283159722        24.5916681594635        33.1695512563770
 237        57628.2283171296        24.5936660174244        33.1695269044232
 238        57628.2283182870        24.5956477097950        33.1694974396810
 239        57628.2283194444        24.5975766048476        33.1695025435127
 240        57628.2283206019        24.5994748531829        33.1695453830315
 241        57628.2283217593        24.6013965871517        33.1695808588284
 242        57628.2283229167        24.6033624229190        33.1695912716227
 243        57628.2283240741        24.6053296621179        33.1696046805689
 244        57628.2283252315        24.6072765320934        33.1696039567316
 245        57628.2283263889        24.6092333097349        33.1695653563288
 246        57628.2283275463        24.6112055952488        33.1695008905472
 247        57628.2283287037        24.6132225444158        33.1694287469972
 248        57628.2283298611        24.6152229685001        33.1693655003945
 249        57628.2283310185        24.6171899682571        33.1693340316282
 250        57628.2283321759        24.6191935287835        33.1693218519015
 251        57628.2283333333        24.6212321610539        33.1692893724102
 252        57628.2283344907        24.6233198200266        33.1692358405706
 253        57628.2283356481        24.6253413150091        33.1692177662485
 254        57628.2283368056        24.6273543949830        33.1691816433053
 255        57628.2283379630        24.6293112195133        33.1691431119547
 256        57628.2283391204        24.6312704774386        33.1691245774478
 257        57628.2283402778        24.6331703064209        33.1691116050005
 258        57628.2283414352        24.6350729529280        33.1691046726519
 259        57628.2283425926        24.6369812216616        33.1691097904476
 260        57628.2283437500        24.6389369698921        33.1691132641813
 261        57628.2283449074        24.6408974900499        33.1691015726193
 262        57628.2283460648        24.6428919380603        33.1690993454961
 263        57628.2283472222        24.6448592911068        33.1691129067247
 264        57628.2283483796        24.6468794389990        33.1690918932308
 265        57628.2283495370        24.6489396826230        33.1690681841731
 266        57628.2283506944        24.6509714273518        33.1690572504554
 267        57628.2283518519        24.6529349562204        33.1690478179929
 268        57628.2283530093        24.6549368089692        33.1690466728984
 269        57628.2283541667        24.6569741812165        33.1690477971334
 270        57628.2283553241        24.6590372567545        33.1690301383044
 271        57628.2283564815        24.6610902230221        33.1690455713949
 272        57628.2283576389        24.6630678114085        33.1690662620529
 273        57628.2283587963        24.6650317390167        33.1690428835825
 274        57628.2283599537        24.6669671652006        33.1690322772852
 275        57628.2283611111        24.6688730533863        33.1690174415954
 276        57628.2283622685        24.6707729717713        33.1690045762011
 277        57628.2283634259        24.6727260030857        33.1690021458367
 278        57628.2283645833        24.6747528892220        33.1690102859933
 279        57628.2283657407        24.6767659886928        33.1690332183661
 280        57628.2283668981        24.6787631792567        33.1690959374950
 281        57628.2283680556        24.6807885732071        33.1691324962836
 282        57628.2283692130        24.6828209776902        33.1691524968185
 283        57628.2283703704        24.6848836565356        33.1691487399568
 284        57628.2283715278        24.6869009320896        33.1691806190898
 285        57628.2283726852        24.6888914906898        33.1692143192843
 286        57628.2283738426        24.6908778485877        33.1692390096885
 287        57628.2283750000        24.6929102837733        33.1692590511332
 288        57628.2283761574        24.6949648761483        33.1692822584714
 289        57628.2283773148        24.6970019051760        33.1692973557932
 290        57628.2283784722        24.6989910979437        33.1693280982576
 291        57628.2283796296        24.7010115037814        33.1693521692633
 292        57628.2283807870        24.7030196834859        33.1693940588733
 293        57628.2283819444        24.7049624574160        33.1694434758073
 294        57628.2283831019        24.7069126206280        33.1694939538262
 295        57628.2283842593        24.7088715761340        33.1695485021182
 296        57628.2283854167        24.7108896100430        33.1696114913499
 297        57628.2283865741        24.7129108299997        33.1696665236620
 298        57628.2283877315        24.7149401721153        33.1696946380543
 299        57628.2283888889        24.7169269838615        33.1697054485471
 300        57628.2283900463        24.7189268500990        33.1696703691625
 301        57628.2283912037        24.7209777118584        33.1696116800195
