   1        57628.2331018519        269.874189044908        29.5837240111728
   2        57628.2331030093        269.875959086493        29.5837300549033
   3        57628.2331041667        269.877798797747        29.5835943110466
   4        57628.2331053241        269.879660506302        29.5834021528525
   5        57628.2331064815        269.881755226723        29.5832764159928
   6        57628.2331076389        269.883837254961        29.5830822542504
   7        57628.2331087963        269.885924030784        29.5828696301649
   8        57628.2331099537        269.887997905922        29.5825778722132
   9        57628.2331111111        269.890051385873        29.5823179105755
  10        57628.2331122685        269.892145140144        29.5820722712874
  11        57628.2331134259        269.894266577305        29.5818619416140
  12        57628.2331145833        269.896448072454        29.5817109114906
  13        57628.2331157407        269.898529512899        29.5815947243472
  14        57628.2331168981        269.900610189206        29.5815458732983
  15        57628.2331180556        269.902666440157        29.5814799953022
  16        57628.2331192130        269.904641510291        29.5813643736873
  17        57628.2331203704        269.906505750633        29.5812783651479
  18        57628.2331215278        269.908374019454        29.5812411863471
  19        57628.2331226852        269.910226988928        29.5812278814939
  20        57628.2331238426        269.912092808530        29.5812937811223
  21        57628.2331250000        269.913863067769        29.5813657541263
  22        57628.2331261574        269.915601191907        29.5814324537351
  23        57628.2331273148        269.917368816716        29.5815082362473
  24        57628.2331284722        269.919194989718        29.5815808532098
  25        57628.2331296296        269.921093912406        29.5816832977833
  26        57628.2331307870        269.922957647473        29.5817634635109
  27        57628.2331319444        269.924765170557        29.5818321017738
  28        57628.2331331019        269.926595303048        29.5818544012851
  29        57628.2331342593        269.928497794679        29.5818960801046
  30        57628.2331354167        269.930373915177        29.5819458429828
  31        57628.2331365741        269.932279229717        29.5819941868494
  32        57628.2331377315        269.934195280010        29.5820477799550
  33        57628.2331388889        269.936213176578        29.5821298644254
  34        57628.2331400463        269.938185697452        29.5822055761118
  35        57628.2331412037        269.940092605547        29.5822182686137
  36        57628.2331423611        269.941971356380        29.5821756401479
  37        57628.2331435185        269.943791079138        29.5821148480750
  38        57628.2331446759        269.945694516170        29.5820998283104
  39        57628.2331458333        269.947621751997        29.5820807547942
  40        57628.2331469907        269.949560662943        29.5820986075052
  41        57628.2331481481        269.951480246291        29.5820914824643
  42        57628.2331493056        269.953464226221        29.5821051223294
  43        57628.2331504630        269.955402820358        29.5821124029616
  44        57628.2331516204        269.957334076875        29.5821421606935
  45        57628.2331527778        269.959232363115        29.5821351446831
  46        57628.2331539352        269.961129143160        29.5820753120815
  47        57628.2331550926        269.962988791277        29.5820182939992
  48        57628.2331562500        269.964878542302        29.5819914803933
  49        57628.2331574074        269.966794332683        29.5819460715622
  50        57628.2331585648        269.968715373648        29.5819917459082
  51        57628.2331597222        269.970604047494        29.5820217674873
  52        57628.2331608796        269.972483122160        29.5820888283466
  53        57628.2331620370        269.974347643173        29.5821124160202
  54        57628.2331631944        269.976212816116        29.5821570378125
  55        57628.2331643518        269.978119340726        29.5821591450905
  56        57628.2331655093        269.980035471925        29.5821241792789
  57        57628.2331666667        269.981989025237        29.5820969606955
  58        57628.2331678241        269.984014597796        29.5820786178963
  59        57628.2331689815        269.986085819437        29.5820772344036
  60        57628.2331701389        269.988068503312        29.5820486249687
  61        57628.2331712963        269.989982286621        29.5820283131528
  62        57628.2331724537        269.991896048775        29.5820080188466
  63        57628.2331736111        269.993775205870        29.5819865940520
  64        57628.2331747685        269.995691811440        29.5819728791232
  65        57628.2331759259        269.997534567764        29.5818869364260
  66        57628.2331770833        269.999389297517        29.5818484452732
  67        57628.2331782407        270.001304039624        29.5817713597975
  68        57628.2331793982        270.003260901362        29.5817719268100
  69        57628.2331805556        270.005172066964        29.5817556014737
  70        57628.2331817130        270.007118428734        29.5817615207265
  71        57628.2331828704        270.009045141508        29.5817319307002
  72        57628.2331840278        270.010984171083        29.5817603115959
  73        57628.2331851852        270.012954938087        29.5817832492167
  74        57628.2331863426        270.014879710868        29.5817787143364
  75        57628.2331875000        270.016766425677        29.5817453440603
  76        57628.2331886574        270.018693441529        29.5817262465065
  77        57628.2331898148        270.020658194558        29.5817254353801
  78        57628.2331909722        270.022605139250        29.5817524459079
  79        57628.2331921296        270.024498447388        29.5817639259309
  80        57628.2331932870        270.026363148694        29.5817980134500
  81        57628.2331944444        270.028287514202        29.5818714196413
  82        57628.2331956019        270.030190871389        29.5819554611652
  83        57628.2331967593        270.032098111620        29.5819892893964
  84        57628.2331979167        270.033964794429        29.5819981851655
  85        57628.2331990741        270.035836874227        29.5820096701013
  86        57628.2332002315        270.037694392863        29.5819776799510
  87        57628.2332013889        270.039556358403        29.5819166612612
  88        57628.2332025463        270.041406523243        29.5819071876183
  89        57628.2332037037        270.043283018462        29.5818896793642
  90        57628.2332048611        270.045200405836        29.5819076102114
  91        57628.2332060185        270.047140348820        29.5819573251418
  92        57628.2332071759        270.049086232238        29.5820410836196
  93        57628.2332083333        270.051065159755        29.5820731955169
  94        57628.2332094907        270.052987943981        29.5820936896168
  95        57628.2332106481        270.054923144464        29.5820837321235
  96        57628.2332118056        270.056861497665        29.5820909128969
  97        57628.2332129630        270.058833796184        29.5820781548453
  98        57628.2332141204        270.060803861589        29.5820799204852
  99        57628.2332152778        270.062728222838        29.5820647976322
 100        57628.2332164352        270.064647800897        29.5820681766613
 101        57628.2332175926        270.066560972779        29.5820530764354
 102        57628.2332187500        270.068450718863        29.5820368291901
 103        57628.2332199074        270.070308414105        29.5820154733514
 104        57628.2332210648        270.072154392248        29.5819572249360
 105        57628.2332222222        270.073994972668        29.5818963640656
 106        57628.2332233796        270.075888868977        29.5818404853670
 107        57628.2332245370        270.077807500757        29.5818121856143
 108        57628.2332256944        270.079763561588        29.5817916194443
 109        57628.2332268519        270.081716082982        29.5818317687297
 110        57628.2332280093        270.083642852467        29.5819011134283
 111        57628.2332291667        270.085625226615        29.5819718603393
 112        57628.2332303241        270.087530400923        29.5820307807699
 113        57628.2332314815        270.089413723879        29.5820686479699
 114        57628.2332326389        270.091279342356        29.5820458604647
 115        57628.2332337963        270.093201124803        29.5820346305500
 116        57628.2332349537        270.095214602352        29.5820677547414
 117        57628.2332361111        270.097203009735        29.5820627843731
 118        57628.2332372685        270.099172358700        29.5820434337554
 119        57628.2332384259        270.101094399601        29.5820428167308
 120        57628.2332395833        270.103027209823        29.5820474319123
 121        57628.2332407407        270.104930802879        29.5820486022287
 122        57628.2332418981        270.106816974148        29.5820046655333
 123        57628.2332430556        270.108660946900        29.5819714820915
 124        57628.2332442130        270.110525236073        29.5819065265535
 125        57628.2332453704        270.112400312308        29.5818467862106
 126        57628.2332465278        270.114299495271        29.5817935251764
 127        57628.2332476852        270.116218339615        29.5817757736436
 128        57628.2332488426        270.118139390856        29.5817435218133
 129        57628.2332500000        270.120101045744        29.5817361112266
 130        57628.2332511574        270.122099824850        29.5817258566846
 131        57628.2332523148        270.124108346444        29.5817567519896
 132        57628.2332534722        270.126094098801        29.5817558005280
 133        57628.2332546296        270.128033214934        29.5817062899446
 134        57628.2332557870        270.129978347088        29.5816804855410
 135        57628.2332569444        270.131979640375        29.5816662420240
 136        57628.2332581018        270.133950786857        29.5816218355926
 137        57628.2332592593        270.135864483388        29.5816120373168
 138        57628.2332604167        270.137702000263        29.5816329997997
 139        57628.2332615741        270.139570902551        29.5816380027215
 140        57628.2332627315        270.141421705330        29.5816602612851
 141        57628.2332638889        270.143278948514        29.5817167908401
 142        57628.2332650463        270.145142195814        29.5817085449770
 143        57628.2332662037        270.147000364075        29.5817082304042
 144        57628.2332673611        270.148905215227        29.5816680394353
 145        57628.2332685185        270.150845907874        29.5816711861481
 146        57628.2332696759        270.152793867721        29.5816519220406
 147        57628.2332708333        270.154761168144        29.5816576209684
 148        57628.2332719907        270.156694801883        29.5816938690491
 149        57628.2332731482        270.158654764263        29.5817220637390
 150        57628.2332743056        270.160615976247        29.5817924725188
 151        57628.2332754630        270.162539127520        29.5818340703136
 152        57628.2332766204        270.164404858142        29.5818218582548
 153        57628.2332777778        270.166319134747        29.5818331101457
 154        57628.2332789352        270.168251831341        29.5818376368668
 155        57628.2332800926        270.170205779103        29.5818420616617
 156        57628.2332812500        270.172156227088        29.5818188219440
 157        57628.2332824074        270.174088261638        29.5818022772604
 158        57628.2332835648        270.176009491828        29.5817805306211
 159        57628.2332847222        270.177952603253        29.5817797767757
 160        57628.2332858796        270.179868732941        29.5817659930992
 161        57628.2332870370        270.181749958288        29.5817405228394
 162        57628.2332881944        270.183584533167        29.5816665069223
 163        57628.2332893519        270.185441318100        29.5816240090406
 164        57628.2332905093        270.187311108032        29.5815722136795
 165        57628.2332916667        270.189216439067        29.5815531979612
 166        57628.2332928241        270.191143657888        29.5815551769901
 167        57628.2332939815        270.193090546016        29.5815926517546
 168        57628.2332951389        270.195036464669        29.5816868622953
 169        57628.2332962963        270.196982991711        29.5818022018491
 170        57628.2332974537        270.198867307654        29.5818822935079
 171        57628.2332986111        270.200726902153        29.5819347680227
 172        57628.2332997685        270.202537375661        29.5819425593886
 173        57628.2333009259        270.204393558692        29.5819672070472
 174        57628.2333020833        270.206295111845        29.5819982122134
 175        57628.2333032407        270.208211250475        29.5819843082941
 176        57628.2333043981        270.210106434202        29.5819810871988
 177        57628.2333055556        270.211994298742        29.5820003489275
 178        57628.2333067130        270.213911963845        29.5820392635142
 179        57628.2333078704        270.215823892929        29.5820650530585
 180        57628.2333090278        270.217709815826        29.5821094273600
 181        57628.2333101852        270.219580810040        29.5820997864591
 182        57628.2333113426        270.221479114748        29.5821137199717
 183        57628.2333125000        270.223382492694        29.5821197118541
 184        57628.2333136574        270.225330610549        29.5821109402936
 185        57628.2333148148        270.227271419188        29.5821246480613
 186        57628.2333159722        270.229213794946        29.5821027476099
 187        57628.2333171296        270.231130467978        29.5821100047494
 188        57628.2333182870        270.233071236373        29.5821237441994
 189        57628.2333194444        270.235008826196        29.5821203531334
 190        57628.2333206019        270.236880095995        29.5821212889299
 191        57628.2333217593        270.238761748532        29.5821168403479
 192        57628.2333229167        270.240683461236        29.5821161685907
 193        57628.2333240741        270.242666736500        29.5821296541353
 194        57628.2333252315        270.244639234233        29.5821379032368
 195        57628.2333263889        270.246587279882        29.5821291573098
 196        57628.2333275463        270.248508014100        29.5820968395511
 197        57628.2333287037        270.250404339047        29.5821358550755
 198        57628.2333298611        270.252327295535        29.5821773893225
 199        57628.2333310185        270.254191217882        29.5822008064665
 200        57628.2333321759        270.256045310414        29.5822506500139
 201        57628.2333333333        270.257847071243        29.5822595748538
 202        57628.2333344907        270.259723066179        29.5822419696680
 203        57628.2333356481        270.261620351564        29.5822241981359
 204        57628.2333368056        270.263562368758        29.5821916696740
 205        57628.2333379630        270.265535433111        29.5821326480558
 206        57628.2333391204        270.267530331331        29.5820946355140
 207        57628.2333402778        270.269507130281        29.5820738735534
 208        57628.2333414352        270.271513417486        29.5820622005639
 209        57628.2333425926        270.273462555025        29.5820073520236
 210        57628.2333437500        270.275351761983        29.5819910425352
 211        57628.2333449074        270.277273205212        29.5819281492252
 212        57628.2333460648        270.279212191064        29.5818891580258
 213        57628.2333472222        270.281181015141        29.5818697737035
 214        57628.2333483796        270.283171099002        29.5818502608702
 215        57628.2333495370        270.285093561269        29.5817929108655
 216        57628.2333506944        270.287065228976        29.5817800970171
 217        57628.2333518518        270.289002634759        29.5817766993400
 218        57628.2333530093        270.290958422835        29.5817666223446
 219        57628.2333541667        270.292882164618        29.5817514449114
 220        57628.2333553241        270.294739279842        29.5817300293323
 221        57628.2333564815        270.296581835430        29.5816811573587
 222        57628.2333576389        270.298497637007        29.5816673242744
 223        57628.2333587963        270.300407399686        29.5816297870276
 224        57628.2333599537        270.302296565605        29.5816134419123
 225        57628.2333611111        270.304162249698        29.5816117433394
 226        57628.2333622685        270.306077127151        29.5816546044077
 227        57628.2333634259        270.307990105465        29.5817225460110
 228        57628.2333645833        270.309888194119        29.5818248498412
 229        57628.2333657407        270.311747213522        29.5818667209137
 230        57628.2333668981        270.313622126782        29.5819058003092
 231        57628.2333680556        270.315557133140        29.5819740195486
 232        57628.2333692130        270.317533636834        29.5820308924466
 233        57628.2333703704        270.319537999348        29.5820441382651
 234        57628.2333715278        270.321453814814        29.5820302026259
 235        57628.2333726852        270.323385462921        29.5820135691562
 236        57628.2333738426        270.325315204363        29.5820220216160
 237        57628.2333750000        270.327228079226        29.5820016042894
 238        57628.2333761574        270.329080384134        29.5819986462161
 239        57628.2333773148        270.330907245156        29.5819470744780
 240        57628.2333784722        270.332763295589        29.5818940016061
 241        57628.2333796296        270.334635279671        29.5818694243464
 242        57628.2333807870        270.336563689675        29.5818357113472
 243        57628.2333819444        270.338512352993        29.5817702767966
 244        57628.2333831019        270.340462656407        29.5817575393202
 245        57628.2333842593        270.342445320424        29.5817604457771
 246        57628.2333854167        270.344467936712        29.5817671075667
 247        57628.2333865741        270.346426126091        29.5817530418825
 248        57628.2333877315        270.348326286945        29.5817524509782
 249        57628.2333888889        270.350209913897        29.5817335155140
 250        57628.2333900463        270.352136697944        29.5817354302296
 251        57628.2333912037        270.354085603561        29.5817687783998
 252        57628.2333923611        270.356076497620        29.5817808501927
 253        57628.2333935185        270.358021690129        29.5817760376556
 254        57628.2333946759        270.359959608674        29.5817936618728
 255        57628.2333958333        270.361871197702        29.5818193445785
 256        57628.2333969907        270.363766903741        29.5818477825877
 257        57628.2333981481        270.365609306035        29.5818712483091
 258        57628.2333993056        270.367428248875        29.5819093356093
 259        57628.2334004630        270.369262394370        29.5819236027175
 260        57628.2334016204        270.371082577947        29.5819155028980
 261        57628.2334027778        270.372947482883        29.5818925977569
 262        57628.2334039352        270.374838733604        29.5818616358207
 263        57628.2334050926        270.376782593441        29.5818146076146
 264        57628.2334062500        270.378737556428        29.5817833546166
 265        57628.2334074074        270.380725533904        29.5817888384335
 266        57628.2334085648        270.382746532781        29.5818310496247
 267        57628.2334097222        270.384716082694        29.5818432614262
 268        57628.2334108796        270.386639598558        29.5818280491890
 269        57628.2334120370        270.388577438243        29.5818456781360
 270        57628.2334131944        270.390552383636        29.5818604621369
 271        57628.2334143519        270.392518735822        29.5818555295440
 272        57628.2334155093        270.394450180045        29.5818389246669
 273        57628.2334166667        270.396357504369        29.5818158584939
 274        57628.2334178241        270.398267010323        29.5817783028032
 275        57628.2334189815        270.400164186316        29.5817711188966
 276        57628.2334201389        270.402044833634        29.5817455883435
 277        57628.2334212963        270.403893765189        29.5817255030987
 278        57628.2334224537        270.405739489174        29.5816883133111
 279        57628.2334236111        270.407588420300        29.5816682109658
 280        57628.2334247685        270.409485248975        29.5816504824758
 281        57628.2334259259        270.411438581782        29.5816548240431
 282        57628.2334270833        270.413418222246        29.5816511177253
 283        57628.2334282407        270.415401726795        29.5816855852205
 284        57628.2334293981        270.417373414674        29.5816832508845
 285        57628.2334305556        270.419302735498        29.5817694149262
 286        57628.2334317130        270.421225624560        29.5818214060575
 287        57628.2334328704        270.423047313432        29.5818660561486
 288        57628.2334340278        270.424911493197        29.5819104792559
 289        57628.2334351852        270.426822982407        29.5819360659099
 290        57628.2334363426        270.428758926929        29.5819786377833
 291        57628.2334375000        270.430677355189        29.5819712119548
 292        57628.2334386574        270.432605215367        29.5819268814940
 293        57628.2334398148        270.434546708480        29.5818943591675
 294        57628.2334409722        270.436469800070        29.5818685425905
 295        57628.2334421296        270.438392867351        29.5818427594158
 296        57628.2334432870        270.440289608265        29.5818250407672
 297        57628.2334444444        270.442120396084        29.5818221772653
 298        57628.2334456019        270.443961292422        29.5818034611101
 299        57628.2334467593        270.445848230159        29.5818121437633
 300        57628.2334479167        270.447745643551        29.5818154721883
 301        57628.2334490741        270.449657702337        29.5818621289863
