   1        57628.2321759259        269.872260964845        29.5641910935304
   2        57628.2321770833        269.876294968600        29.5644416471044
   3        57628.2321782407        269.880203068764        29.5640825858326
   4        57628.2321793981        269.883737122128        29.5635796709440
   5        57628.2321805556        269.886981524700        29.5633312237061
   6        57628.2321817130        269.889915356134        29.5630053405340
   7        57628.2321828704        269.892582663117        29.5625662265471
   8        57628.2321840278        269.894790822100        29.5618844559039
   9        57628.2321851852        269.896620920100        29.5611756588248
  10        57628.2321863426        269.898149984495        29.5605289516391
  11        57628.2321875000        269.899531947672        29.5600550623003
  12        57628.2321886574        269.900894555908        29.5596081558918
  13        57628.2321898148        269.902201711586        29.5592382691714
  14        57628.2321909722        269.903674662542        29.5591146564065
  15        57628.2321921296        269.905299820816        29.5591633779524
  16        57628.2321932870        269.907121349369        29.5594322165258
  17        57628.2321944444        269.908902128967        29.5597294439942
  18        57628.2321956018        269.910738717266        29.5600493308430
  19        57628.2321967593        269.912543888734        29.5603851753578
  20        57628.2321979167        269.914316626924        29.5607938881030
  21        57628.2321990741        269.916036188690        29.5612638988906
  22        57628.2322002315        269.917658127546        29.5615992660695
  23        57628.2322013889        269.919198226180        29.5618417131327
  24        57628.2322025463        269.920606475319        29.5619700191823
  25        57628.2322037037        269.922071507150        29.5621308866249
  26        57628.2322048611        269.923638319454        29.5622871912458
  27        57628.2322060185        269.925249937204        29.5624508967119
  28        57628.2322071759        269.926896514819        29.5625378180531
  29        57628.2322083333        269.928633878430        29.5626483219078
  30        57628.2322094907        269.930479280180        29.5627443697982
  31        57628.2322106482        269.932405949307        29.5628025519289
  32        57628.2322118056        269.934427415998        29.5628549751245
  33        57628.2322129630        269.936431621642        29.5629565083317
  34        57628.2322141204        269.938429987505        29.5630450630741
  35        57628.2322152778        269.940387597583        29.5630205673746
  36        57628.2322164352        269.942364575478        29.5630209971835
  37        57628.2322175926        269.944275604640        29.5630362636772
  38        57628.2322187500        269.946212258647        29.5630224468218
  39        57628.2322199074        269.948120930172        29.5629640129827
  40        57628.2322210648        269.950072993835        29.5628486636172
  41        57628.2322222222        269.951969116802        29.5626609548366
  42        57628.2322233796        269.953890979695        29.5625154949098
  43        57628.2322245370        269.955720116557        29.5622941459137
  44        57628.2322256944        269.957583259159        29.5621411294383
  45        57628.2322268519        269.959446191176        29.5620658465895
  46        57628.2322280093        269.961339614243        29.5620312551629
  47        57628.2322291667        269.963205058548        29.5619520458512
  48        57628.2322303241        269.965137772979        29.5619001136862
  49        57628.2322314815        269.967090209291        29.5618836112243
  50        57628.2322326389        269.969126420794        29.5619127711599
  51        57628.2322337963        269.971145433683        29.5619736668890
  52        57628.2322349537        269.973115999987        29.5620282335346
  53        57628.2322361111        269.975026231741        29.5620225123979
  54        57628.2322372685        269.976882852031        29.5620012479890
  55        57628.2322384259        269.978732543251        29.5620129367337
  56        57628.2322395833        269.980646634323        29.5620453657077
  57        57628.2322407407        269.982529336305        29.5620938029554
  58        57628.2322418981        269.984384736129        29.5621186650508
  59        57628.2322430556        269.986187419044        29.5620712982911
  60        57628.2322442130        269.988060568224        29.5620683228584
  61        57628.2322453704        269.989967012981        29.5620785797309
  62        57628.2322465278        269.991848743484        29.5620953397996
  63        57628.2322476852        269.993703803492        29.5621096479959
  64        57628.2322488426        269.995537376989        29.5622018294966
  65        57628.2322500000        269.997382913781        29.5622531468630
  66        57628.2322511574        269.999257655167        29.5623029374868
  67        57628.2322523148        270.001134650914        29.5623381343144
  68        57628.2322534722        270.003052321400        29.5623980607404
  69        57628.2322546296        270.005027972128        29.5624445482616
  70        57628.2322557870        270.007005151341        29.5624554573762
  71        57628.2322569444        270.008970982966        29.5624198826426
  72        57628.2322581019        270.010898575634        29.5623757601014
  73        57628.2322592593        270.012761726784        29.5623109492631
  74        57628.2322604167        270.014652496923        29.5622802625416
  75        57628.2322615741        270.016637834964        29.5623004593443
  76        57628.2322627315        270.018620645305        29.5623246195887
  77        57628.2322638889        270.020557097313        29.5623108220653
  78        57628.2322650463        270.022470968073        29.5622549771025
  79        57628.2322662037        270.024406079946        29.5621990071152
  80        57628.2322673611        270.026339994049        29.5621891444583
  81        57628.2322685185        270.028256146540        29.5621189423034
  82        57628.2322696759        270.030100848765        29.5620608544600
  83        57628.2322708333        270.031948403725        29.5620093401158
  84        57628.2322719907        270.033817203136        29.5619577043842
  85        57628.2322731481        270.035728489138        29.5619058538415
  86        57628.2322743056        270.037649057919        29.5618947584492
  87        57628.2322754630        270.039614972767        29.5618900109554
  88        57628.2322766204        270.041643942338        29.5618638551440
  89        57628.2322777778        270.043663974985        29.5618074489490
  90        57628.2322789352        270.045679618019        29.5617800281102
  91        57628.2322800926        270.047675869806        29.5617277309567
  92        57628.2322812500        270.049603966913        29.5617047595485
  93        57628.2322824074        270.051490876964        29.5617241530066
  94        57628.2322835648        270.053375237910        29.5617475335974
  95        57628.2322847222        270.055280830031        29.5617708174008
  96        57628.2322858796        270.057183590827        29.5617874750540
  97        57628.2322870370        270.059042210897        29.5617516321942
  98        57628.2322881944        270.060967768138        29.5617325371536
  99        57628.2322893519        270.062904105940        29.5617186616487
 100        57628.2322905093        270.064861675788        29.5617046870289
 101        57628.2322916667        270.066770332648        29.5616567560449
 102        57628.2322928241        270.068634634194        29.5616340892796
 103        57628.2322939815        270.070496390964        29.5616153999205
 104        57628.2322951389        270.072393375749        29.5616189197360
 105        57628.2322962963        270.074322062178        29.5616169975716
 106        57628.2322974537        270.076243180802        29.5616269346005
 107        57628.2322986111        270.078158898070        29.5616342655084
 108        57628.2322997685        270.080084722669        29.5616257377963
 109        57628.2323009259        270.082063821007        29.5616221874081
 110        57628.2323020833        270.083998582731        29.5616438870581
 111        57628.2323032407        270.085889486309        29.5616237023554
 112        57628.2323043981        270.087748678178        29.5616089686393
 113        57628.2323055556        270.089696381548        29.5616214100085
 114        57628.2323067130        270.091658098933        29.5616561374855
 115        57628.2323078704        270.093629245620        29.5616539499964
 116        57628.2323090278        270.095544928590        29.5616612640325
 117        57628.2323101852        270.097446934815        29.5616568133469
 118        57628.2323113426        270.099383498323        29.5616534905295
 119        57628.2323125000        270.101303526300        29.5616318315130
 120        57628.2323136574        270.103186132710        29.5616024555359
 121        57628.2323148148        270.105019690314        29.5616168236944
 122        57628.2323159722        270.106840558478        29.5616510409756
 123        57628.2323171296        270.108674721167        29.5616865402047
 124        57628.2323182870        270.110531488929        29.5617640527163
 125        57628.2323194444        270.112411400940        29.5618163360845
 126        57628.2323206019        270.114320852161        29.5618776183401
 127        57628.2323217593        270.116242956458        29.5619190486646
 128        57628.2323229167        270.118228466191        29.5619495620301
 129        57628.2323240741        270.120219343429        29.5619827153287
 130        57628.2323252315        270.122100772316        29.5619993785658
 131        57628.2323263889        270.123962871767        29.5619912551669
 132        57628.2323275463        270.125848959057        29.5619895200893
 133        57628.2323287037        270.127723432926        29.5620391940292
 134        57628.2323298611        270.129662321334        29.5621095851878
 135        57628.2323310185        270.131567464104        29.5621222297915
 136        57628.2323321759        270.133470096341        29.5621387990273
 137        57628.2323333333        270.135396860284        29.5621617769235
 138        57628.2323344907        270.137354615022        29.5621582729653
 139        57628.2323356482        270.139290428705        29.5621338429546
 140        57628.2323368056        270.141173300426        29.5621149689172
 141        57628.2323379630        270.143064111856        29.5620742855734
 142        57628.2323391204        270.144945916156        29.5620238603051
 143        57628.2323402778        270.146833802111        29.5619970950436
 144        57628.2323414352        270.148738564577        29.5619991969133
 145        57628.2323425926        270.150663866736        29.5619801438693
 146        57628.2323437500        270.152597093499        29.5619597201242
 147        57628.2323449074        270.154531011675        29.5619603366951
 148        57628.2323460648        270.156536913830        29.5619697767673
 149        57628.2323472222        270.158511231841        29.5619070018125
 150        57628.2323483796        270.160417118663        29.5618630137332
 151        57628.2323495370        270.162338954446        29.5618591827171
 152        57628.2323506944        270.164295440582        29.5619018259516
 153        57628.2323518519        270.166268782180        29.5619733737941
 154        57628.2323530093        270.168200800269        29.5619990544536
 155        57628.2323541667        270.170089664613        29.5620038692888
 156        57628.2323553241        270.171993356486        29.5619743386006
 157        57628.2323564815        270.173899231464        29.5619303027070
 158        57628.2323576389        270.175823116191        29.5618690790074
 159        57628.2323587963        270.177726440557        29.5618290389187
 160        57628.2323599537        270.179607462915        29.5617575613358
 161        57628.2323611111        270.181499371179        29.5617256831370
 162        57628.2323622685        270.183393586569        29.5617331197052
 163        57628.2323634259        270.185339688870        29.5617034256736
 164        57628.2323645833        270.187251927260        29.5616936474847
 165        57628.2323657407        270.189191498554        29.5617073927746
 166        57628.2323668981        270.191167458459        29.5616972433486
 167        57628.2323680556        270.193167516789        29.5616935544481
 168        57628.2323692130        270.195111437983        29.5616783058212
 169        57628.2323703704        270.197004597955        29.5616541285006
 170        57628.2323715278        270.198915756829        29.5616127666490
 171        57628.2323726852        270.200847054599        29.5616191626891
 172        57628.2323738426        270.202800250209        29.5616446834076
 173        57628.2323750000        270.204737251705        29.5616623991334
 174        57628.2323761574        270.206670678539        29.5616524995143
 175        57628.2323773148        270.208594712019        29.5616794707324
 176        57628.2323784722        270.210565574174        29.5616772331200
 177        57628.2323796296        270.212491084614        29.5616686578257
 178        57628.2323807870        270.214390295749        29.5616681301117
 179        57628.2323819444        270.216220385217        29.5616653462961
 180        57628.2323831019        270.218021624735        29.5616746082161
 181        57628.2323842593        270.219820243928        29.5617347851437
 182        57628.2323854167        270.221649826965        29.5617992152824
 183        57628.2323865741        270.223483329719        29.5619017914861
 184        57628.2323877315        270.225329146344        29.5619739649078
 185        57628.2323888889        270.227246692481        29.5620442788817
 186        57628.2323900463        270.229153117044        29.5620988203677
 187        57628.2323912037        270.231115350084        29.5621543442039
 188        57628.2323923611        270.233043418814        29.5621416787208
 189        57628.2323935185        270.234973630107        29.5621145635762
 190        57628.2323946759        270.236901990136        29.5621124914726
 191        57628.2323958333        270.238871124150        29.5621353608537
 192        57628.2323969907        270.240848005899        29.5621567806459
 193        57628.2323981481        270.242782404327        29.5621784339209
 194        57628.2323993056        270.244670752320        29.5621726963218
 195        57628.2324004630        270.246585032451        29.5621483877247
 196        57628.2324016204        270.248509759489        29.5621187465605
 197        57628.2324027778        270.250410727901        29.5620931741104
 198        57628.2324039352        270.252316027987        29.5620386488391
 199        57628.2324050926        270.254186758084        29.5619830066439
 200        57628.2324062500        270.256084114278        29.5619298555973
 201        57628.2324074074        270.258003433294        29.5618976540376
 202        57628.2324085648        270.259928818421        29.5618890939379
 203        57628.2324097222        270.261872562689        29.5618738563910
 204        57628.2324108796        270.263829969567        29.5618703826341
 205        57628.2324120370        270.265793124347        29.5618800240258
 206        57628.2324131944        270.267763844763        29.5618777782931
 207        57628.2324143518        270.269696776378        29.5618573223229
 208        57628.2324155093        270.271573207712        29.5618148043176
 209        57628.2324166667        270.273485947214        29.5618260258776
 210        57628.2324178241        270.275416271438        29.5618871661384
 211        57628.2324189815        270.277373568013        29.5619613393053
 212        57628.2324201389        270.279261744954        29.5620332703016
 213        57628.2324212963        270.281138435711        29.5620789182465
 214        57628.2324224537        270.283046491911        29.5621085365536
 215        57628.2324236111        270.284972580268        29.5621209116349
 216        57628.2324247685        270.286876385223        29.5621018144705
 217        57628.2324259259        270.288741320756        29.5620329742116
 218        57628.2324270833        270.290587865265        29.5619708419888
 219        57628.2324282407        270.292447349829        29.5618994569358
 220        57628.2324293982        270.294361510395        29.5618751456099
 221        57628.2324305556        270.296265906415        29.5618772069454
 222        57628.2324317130        270.298180758540        29.5618739613162
 223        57628.2324328704        270.300143120489        29.5618625612916
 224        57628.2324340278        270.302123100053        29.5619010225666
 225        57628.2324351852        270.304144843254        29.5619182021731
 226        57628.2324363426        270.306107558181        29.5619172924984
 227        57628.2324375000        270.308034998796        29.5618942213085
 228        57628.2324386574        270.309966024472        29.5618987401075
 229        57628.2324398148        270.311920788242        29.5618992059889
 230        57628.2324409722        270.313865823509        29.5619260262745
 231        57628.2324421296        270.315739426756        29.5619650447646
 232        57628.2324432870        270.317616431452        29.5619435737366
 233        57628.2324444444        270.319507452740        29.5619443550618
 234        57628.2324456019        270.321388759111        29.5619714700112
 235        57628.2324467593        270.323274399953        29.5619696178241
 236        57628.2324479167        270.325174439280        29.5619229835831
 237        57628.2324490741        270.327037772632        29.5618896740149
 238        57628.2324502315        270.328906495543        29.5618589690108
 239        57628.2324513889        270.330805062083        29.5618478615061
 240        57628.2324525463        270.332714023884        29.5619090647096
 241        57628.2324537037        270.334603196255        29.5619661381189
 242        57628.2324548611        270.336512131003        29.5620273697195
 243        57628.2324560185        270.338455634566        29.5620896886659
 244        57628.2324571759        270.340403520015        29.5621229542835
 245        57628.2324583333        270.342344944187        29.5621220403738
 246        57628.2324594907        270.344266925301        29.5620962560732
 247        57628.2324606481        270.346185288347        29.5620429012714
 248        57628.2324618056        270.348136733039        29.5620262154144
 249        57628.2324629630        270.350123069100        29.5620211985897
 250        57628.2324641204        270.352107233538        29.5620306700076
 251        57628.2324652778        270.354019921974        29.5619966270765
 252        57628.2324664352        270.355918776808        29.5619960441131
 253        57628.2324675926        270.357837420026        29.5619532783519
 254        57628.2324687500        270.359764704794        29.5619301738721
 255        57628.2324699074        270.361678313819        29.5618953098417
 256        57628.2324710648        270.363530739039        29.5618568283135
 257        57628.2324722222        270.365397180446        29.5617630656198
 258        57628.2324733796        270.367274059970        29.5617415494058
 259        57628.2324745370        270.369176482157        29.5617685623191
 260        57628.2324756944        270.371128564285        29.5617729623903
 261        57628.2324768519        270.373050916236        29.5617922950642
 262        57628.2324780093        270.375018117366        29.5618504902256
 263        57628.2324791667        270.376989637048        29.5618797231622
 264        57628.2324803241        270.378939909044        29.5619090853197
 265        57628.2324814815        270.380864999828        29.5619004269430
 266        57628.2324826389        270.382749781277        29.5618775166575
 267        57628.2324837963        270.384664057016        29.5618636652379
 268        57628.2324849537        270.386558535072        29.5618920039817
 269        57628.2324861111        270.388464148409        29.5619360942356
 270        57628.2324872685        270.390343118726        29.5619777151227
 271        57628.2324884259        270.392168349681        29.5620059550998
 272        57628.2324895833        270.394041581032        29.5620344068916
 273        57628.2324907407        270.395967021397        29.5620362244809
 274        57628.2324918981        270.397902915275        29.5620326960308
 275        57628.2324930556        270.399826917982        29.5619924283446
 276        57628.2324942130        270.401736488760        29.5619194060902
 277        57628.2324953704        270.403667625676        29.5618568142775
 278        57628.2324965278        270.405618550600        29.5618296235661
 279        57628.2324976852        270.407545710031        29.5618065276212
 280        57628.2324988426        270.409468182125        29.5618018759428
 281        57628.2325000000        270.411415376146        29.5618095820106
 282        57628.2325011574        270.413375995501        29.5618336328536
 283        57628.2325023148        270.415352451437        29.5618549561944
 284        57628.2325034722        270.417261246444        29.5618385112079
 285        57628.2325046296        270.419158152066        29.5617853139293
 286        57628.2325057870        270.421075220840        29.5617780093564
 287        57628.2325069444        270.423003074332        29.5617759198039
 288        57628.2325081018        270.424973385922        29.5617736077203
 289        57628.2325092593        270.426914906328        29.5617832876046
 290        57628.2325104167        270.428814325624        29.5618037048393
 291        57628.2325115741        270.430751896284        29.5617857024541
 292        57628.2325127315        270.432645176994        29.5617824908243
 293        57628.2325138889        270.434544950338        29.5618134120982
 294        57628.2325150463        270.436405108078        29.5617735667888
 295        57628.2325162037        270.438285759687        29.5617125791401
 296        57628.2325173611        270.440143406814        29.5616766612354
 297        57628.2325185185        270.442045693312        29.5617036052998
 298        57628.2325196759        270.443963783597        29.5617278841655
 299        57628.2325208333        270.445848038198        29.5617720860409
 300        57628.2325219907        270.447772609304        29.5618305043407
 301        57628.2325231481        270.449727016797        29.5619084306569
