   1        57628.2271180556        24.1199288618946        33.1486088678798
   2        57628.2271192130        24.1227785106599        33.1488745224440
   3        57628.2271203704        24.1261481707864        33.1492208809306
   4        57628.2271215278        24.1294307745109        33.1494987961042
   5        57628.2271226852        24.1328046837170        33.1496326998217
   6        57628.2271238426        24.1359947847158        33.1497713916027
   7        57628.2271250000        24.1390590833996        33.1499062768726
   8        57628.2271261574        24.1417340551966        33.1501962279484
   9        57628.2271273148        24.1440834993521        33.1505269211922
  10        57628.2271284722        24.1459975507503        33.1507958174831
  11        57628.2271296296        24.1476374920218        33.1510037372884
  12        57628.2271307870        24.1493468308738        33.1511146060371
  13        57628.2271319444        24.1509352246123        33.1512026857896
  14        57628.2271331018        24.1525968934135        33.1512113348531
  15        57628.2271342593        24.1542069826376        33.1511536084599
  16        57628.2271354167        24.1559400817368        33.1510345710945
  17        57628.2271365741        24.1578271418469        33.1508614477737
  18        57628.2271377315        24.1598109604928        33.1506742361562
  19        57628.2271388889        24.1618596975487        33.1504489847824
  20        57628.2271400463        24.1638774828108        33.1502165080378
  21        57628.2271412037        24.1657650692849        33.1500204223542
  22        57628.2271423611        24.1676543523502        33.1498227018643
  23        57628.2271435185        24.1695866731727        33.1496286101123
  24        57628.2271446759        24.1714681398517        33.1494584419344
  25        57628.2271458333        24.1732665783286        33.1492875535836
  26        57628.2271469907        24.1749393787596        33.1491575500680
  27        57628.2271481482        24.1766111410800        33.1490696438637
  28        57628.2271493056        24.1783009369317        33.1489760901869
  29        57628.2271504630        24.1800056014112        33.1488848378267
  30        57628.2271516204        24.1817222704914        33.1489078616689
  31        57628.2271527778        24.1835988399948        33.1489201185653
  32        57628.2271539352        24.1855244924593        33.1489331451453
  33        57628.2271550926        24.1876729469366        33.1489215294960
  34        57628.2271562500        24.1897671634267        33.1489413746272
  35        57628.2271574074        24.1919144344549        33.1489715535559
  36        57628.2271585648        24.1940529183825        33.1489976706621
  37        57628.2271597222        24.1961168574519        33.1490412447855
  38        57628.2271608796        24.1981277298605        33.1490744687386
  39        57628.2271620370        24.2000021429683        33.1491696704578
  40        57628.2271631944        24.2018719857252        33.1492698499023
  41        57628.2271643519        24.2037583191098        33.1493612126663
  42        57628.2271655093        24.2056781441460        33.1494208158293
  43        57628.2271666667        24.2076106689534        33.1494485422155
  44        57628.2271678241        24.2094735874437        33.1494747833813
  45        57628.2271689815        24.2113973286835        33.1494984558927
  46        57628.2271701389        24.2133734821630        33.1495015372332
  47        57628.2271712963        24.2154220679832        33.1495121483831
  48        57628.2271724537        24.2174534090770        33.1495596256934
  49        57628.2271736111        24.2194815806581        33.1496150773619
  50        57628.2271747685        24.2215720298670        33.1496120244314
  51        57628.2271759259        24.2236895532751        33.1495931755308
  52        57628.2271770833        24.2257392433419        33.1495618489643
  53        57628.2271782407        24.2276806456135        33.1495347480503
  54        57628.2271793981        24.2296420709230        33.1495357776102
  55        57628.2271805556        24.2316256574735        33.1495399898650
  56        57628.2271817130        24.2335336742606        33.1495446988524
  57        57628.2271828704        24.2354508451210        33.1495394850979
  58        57628.2271840278        24.2373409279742        33.1495500539248
  59        57628.2271851852        24.2393301948614        33.1495073612080
  60        57628.2271863426        24.2412909881574        33.1494774733272
  61        57628.2271875000        24.2432609324468        33.1494376619657
  62        57628.2271886574        24.2452069674169        33.1494056808192
  63        57628.2271898148        24.2471319095784        33.1493875667302
  64        57628.2271909722        24.2491215674436        33.1493309322900
  65        57628.2271921296        24.2510584766186        33.1493089177431
  66        57628.2271932870        24.2530495320100        33.1493143063261
  67        57628.2271944444        24.2549952270264        33.1493553788128
  68        57628.2271956019        24.2570119440874        33.1494009612354
  69        57628.2271967593        24.2590940566979        33.1494389939553
  70        57628.2271979167        24.2611712649908        33.1494369982842
  71        57628.2271990741        24.2631859117031        33.1493895684512
  72        57628.2272002315        24.2651889470661        33.1493320312749
  73        57628.2272013889        24.2671849414748        33.1492594143926
  74        57628.2272025463        24.2691605489382        33.1491726520627
  75        57628.2272037037        24.2710327945128        33.1491301871116
  76        57628.2272048611        24.2729377577142        33.1490839956626
  77        57628.2272060185        24.2748255150980        33.1490747473253
  78        57628.2272071759        24.2767892461663        33.1490510865688
  79        57628.2272083333        24.2786777222041        33.1490728714573
  80        57628.2272094907        24.2806154201593        33.1490819964042
  81        57628.2272106481        24.2825763052953        33.1491112757255
  82        57628.2272118056        24.2846180788329        33.1491071311742
  83        57628.2272129630        24.2866820047423        33.1491061398668
  84        57628.2272141204        24.2886847483335        33.1491217103148
  85        57628.2272152778        24.2907215985969        33.1491365263838
  86        57628.2272164352        24.2927352527119        33.1491311853292
  87        57628.2272175926        24.2947854829260        33.1490861034502
  88        57628.2272187500        24.2968283298600        33.1490399621716
  89        57628.2272199074        24.2987906546136        33.1490132384638
  90        57628.2272210648        24.3008113613246        33.1489639551914
  91        57628.2272222222        24.3027423592019        33.1489440843376
  92        57628.2272233796        24.3047360096253        33.1489106435049
  93        57628.2272245370        24.3066143369709        33.1489253959318
  94        57628.2272256944        24.3085457680016        33.1489505572706
  95        57628.2272268518        24.3105011185725        33.1489678980711
  96        57628.2272280093        24.3124835463686        33.1490284493302
  97        57628.2272291667        24.3145078240521        33.1490752987559
  98        57628.2272303241        24.3164463046102        33.1491155206168
  99        57628.2272314815        24.3184452652776        33.1491081645681
 100        57628.2272326389        24.3204610986513        33.1490779069080
 101        57628.2272337963        24.3224561435734        33.1490337312612
 102        57628.2272349537        24.3244392842010        33.1490072461248
 103        57628.2272361111        24.3263665360519        33.1490234103439
 104        57628.2272372685        24.3283964817014        33.1490233526433
 105        57628.2272384259        24.3304509817811        33.1490463760516
 106        57628.2272395833        24.3325515159156        33.1490646748954
 107        57628.2272407407        24.3346095057320        33.1490656578303
 108        57628.2272418981        24.3366288156277        33.1490723582727
 109        57628.2272430556        24.3386723872273        33.1490572240773
 110        57628.2272442130        24.3406245419615        33.1490824461471
 111        57628.2272453704        24.3426025979305        33.1491102771040
 112        57628.2272465278        24.3444876149702        33.1491540577492
 113        57628.2272476852        24.3464215134172        33.1491992031402
 114        57628.2272488426        24.3483832002540        33.1492595613903
 115        57628.2272500000        24.3503385675263        33.1493358909090
 116        57628.2272511574        24.3523375457628        33.1493875363655
 117        57628.2272523148        24.3543224621452        33.1494680919490
 118        57628.2272534722        24.3564030246813        33.1495173335569
 119        57628.2272546296        24.3584853519325        33.1495555926265
 120        57628.2272557870        24.3605233795331        33.1495875382979
 121        57628.2272569444        24.3625110611909        33.1496444669218
 122        57628.2272581019        24.3645476907900        33.1496734156110
 123        57628.2272592593        24.3666564084121        33.1496648796666
 124        57628.2272604167        24.3686997316623        33.1496638813069
 125        57628.2272615741        24.3707187864706        33.1496256836510
 126        57628.2272627315        24.3726759437823        33.1495730122937
 127        57628.2272638889        24.3746211375663        33.1495242378409
 128        57628.2272650463        24.3765438349969        33.1494863145505
 129        57628.2272662037        24.3784036247479        33.1494760112759
 130        57628.2272673611        24.3803401131803        33.1494823504148
 131        57628.2272685185        24.3823141298278        33.1495328687591
 132        57628.2272696759        24.3843702060794        33.1495591208505
 133        57628.2272708333        24.3863788023849        33.1495870021507
 134        57628.2272719907        24.3883631332372        33.1496367052962
 135        57628.2272731481        24.3903987909406        33.1496487491669
 136        57628.2272743056        24.3924006893800        33.1496475394254
 137        57628.2272754630        24.3944620208246        33.1496407655976
 138        57628.2272766204        24.3963950185972        33.1496690884914
 139        57628.2272777778        24.3983951838997        33.1496789068861
 140        57628.2272789352        24.4003401550259        33.1497033483572
 141        57628.2272800926        24.4023830107659        33.1497028470478
 142        57628.2272812500        24.4044605616322        33.1497012541048
 143        57628.2272824074        24.4065113924721        33.1497014749426
 144        57628.2272835648        24.4085414800912        33.1497015488386
 145        57628.2272847222        24.4105258807968        33.1497513462442
 146        57628.2272858796        24.4124986780462        33.1497910587490
 147        57628.2272870370        24.4144169656067        33.1498173615789
 148        57628.2272881944        24.4163342251383        33.1498857084553
 149        57628.2272893519        24.4183158345013        33.1499295091716
 150        57628.2272905093        24.4203350725141        33.1499505771915
 151        57628.2272916667        24.4223658489265        33.1499818042646
 152        57628.2272928241        24.4243175580142        33.1499763457751
 153        57628.2272939815        24.4263100378268        33.1499401436600
 154        57628.2272951389        24.4282989680340        33.1498668461142
 155        57628.2272962963        24.4303191811748        33.1497867422655
 156        57628.2272974537        24.4322750768666        33.1497312371241
 157        57628.2272986111        24.4342411983007        33.1496828649682
 158        57628.2272997685        24.4362442807566        33.1496398378205
 159        57628.2273009259        24.4383078739431        33.1496082995847
 160        57628.2273020833        24.4403250629071        33.1495954424061
 161        57628.2273032407        24.4423186638009        33.1495763898894
 162        57628.2273043981        24.4443027967170        33.1495812829126
 163        57628.2273055556        24.4462985444383        33.1495962768574
 164        57628.2273067130        24.4482288918977        33.1496188032176
 165        57628.2273078704        24.4501719300191        33.1496684777782
 166        57628.2273090278        24.4520847470522        33.1497419684993
 167        57628.2273101852        24.4540590903751        33.1497848766946
 168        57628.2273113426        24.4560858272889        33.1498071477374
 169        57628.2273125000        24.4581217015975        33.1498194681002
 170        57628.2273136574        24.4601266234256        33.1498245482637
 171        57628.2273148148        24.4621051587655        33.1498174154765
 172        57628.2273159722        24.4641628071433        33.1497878401547
 173        57628.2273171296        24.4661698271945        33.1497679106794
 174        57628.2273182870        24.4681040589613        33.1497544571989
 175        57628.2273194444        24.4700474292907        33.1497310620084
 176        57628.2273206019        24.4720126287240        33.1497248743140
 177        57628.2273217593        24.4740767026338        33.1497385091949
 178        57628.2273229167        24.4760848504224        33.1497357083859
 179        57628.2273240741        24.4781281860377        33.1497492006023
 180        57628.2273252315        24.4801394856912        33.1497383922077
 181        57628.2273263889        24.4821426559174        33.1496954392263
 182        57628.2273275463        24.4841060654271        33.1496411568824
 183        57628.2273287037        24.4860448903026        33.1496227472792
 184        57628.2273298611        24.4879766819699        33.1495892898236
 185        57628.2273310185        24.4899229371981        33.1495720229207
 186        57628.2273321759        24.4919237455802        33.1495682333024
 187        57628.2273333333        24.4939066259135        33.1495703175197
 188        57628.2273344907        24.4958715799294        33.1495782836740
 189        57628.2273356481        24.4979005301359        33.1495757003674
 190        57628.2273368056        24.4999118826917        33.1495649582738
 191        57628.2273379630        24.5019383683889        33.1495422968499
 192        57628.2273391204        24.5039075590750        33.1495593062960
 193        57628.2273402778        24.5058616475541        33.1495882409620
 194        57628.2273414352        24.5078410642524        33.1496123745871
 195        57628.2273425926        24.5098964420601        33.1496220600357
 196        57628.2273437500        24.5119279180150        33.1496395814708
 197        57628.2273449074        24.5139442906837        33.1496690218499
 198        57628.2273460648        24.5159666447301        33.1496965107343
 199        57628.2273472222        24.5179724841108        33.1497329013882
 200        57628.2273483796        24.5199948496849        33.1497604051345
 201        57628.2273495370        24.5219695519005        33.1498035161949
 202        57628.2273506944        24.5239339051870        33.1498396128655
 203        57628.2273518518        24.5258957722490        33.1498556459438
 204        57628.2273530093        24.5278974086032        33.1498830184653
 205        57628.2273541667        24.5299257861772        33.1499086054881
 206        57628.2273553241        24.5318936558101        33.1499227133909
 207        57628.2273564815        24.5338948958661        33.1499049981889
 208        57628.2273576389        24.5359055910950        33.1498632783356
 209        57628.2273587963        24.5378990105071        33.1497993506760
 210        57628.2273599537        24.5398178879284        33.1497528952537
 211        57628.2273611111        24.5417172772062        33.1497510303962
 212        57628.2273622685        24.5437129079069        33.1497213051584
 213        57628.2273634259        24.5457377887120        33.1497098979174
 214        57628.2273645833        24.5478060246821        33.1497469695946
 215        57628.2273657407        24.5498563234771        33.1497898994725
 216        57628.2273668982        24.5518844521541        33.1498296396574
 217        57628.2273680556        24.5539245312147        33.1498654506331
 218        57628.2273692130        24.5559308197120        33.1498879588724
 219        57628.2273703704        24.5579163594610        33.1499103119102
 220        57628.2273715278        24.5598498557690        33.1499392896546
 221        57628.2273726852        24.5618225942082        33.1499585522373
 222        57628.2273738426        24.5638088104278        33.1499528580783
 223        57628.2273750000        24.5657535227083        33.1499468445535
 224        57628.2273761574        24.5677049790729        33.1499699832437
 225        57628.2273773148        24.5696564451790        33.1499931410545
 226        57628.2273784722        24.5716771410170        33.1499727189666
 227        57628.2273796296        24.5736866519533        33.1499873244320
 228        57628.2273807870        24.5756515039899        33.1500096068983
 229        57628.2273819444        24.5776009339697        33.1500578648606
 230        57628.2273831019        24.5796121983164        33.1500614745630
 231        57628.2273842593        24.5816790997299        33.1500780040092
 232        57628.2273854167        24.5837758988739        33.1501023545938
 233        57628.2273865741        24.5858431521954        33.1501224580164
 234        57628.2273877315        24.5878786963000        33.1501041598949
 235        57628.2273888889        24.5898938025368        33.1500716433465
 236        57628.2273900463        24.5918543460274        33.1500256387393
 237        57628.2273912037        24.5937571757586        33.1499741453181
 238        57628.2273923611        24.5956554479176        33.1499276428954
 239        57628.2273935185        24.5976142799328        33.1498927033005
 240        57628.2273946759        24.5995924926349        33.1498549755078
 241        57628.2273958333        24.6015640003503        33.1498612836703
 242        57628.2273969907        24.6035258495856        33.1498917003027
 243        57628.2273981481        24.6054718139680        33.1499029003732
 244        57628.2273993056        24.6074968807172        33.1498916286082
 245        57628.2274004630        24.6094963050452        33.1498992073344
 246        57628.2274016204        24.6114598768014        33.1499185525677
 247        57628.2274027778        24.6134072627466        33.1499327693548
 248        57628.2274039352        24.6154291946090        33.1499295123137
 249        57628.2274050926        24.6175119912758        33.1499237300592
 250        57628.2274062500        24.6195666494452        33.1499167342096
 251        57628.2274074074        24.6216156855019        33.1498976422377
 252        57628.2274085648        24.6236689346418        33.1498876316312
 253        57628.2274097222        24.6256849159883        33.1498863640982
 254        57628.2274108796        24.6276667813157        33.1498858429754
 255        57628.2274120370        24.6295888901956        33.1499049325971
 256        57628.2274131944        24.6315078551104        33.1499320324641
 257        57628.2274143519        24.6334552956590        33.1499463212612
 258        57628.2274155093        24.6354266513401        33.1499527798524
 259        57628.2274166667        24.6373939174740        33.1500094086835
 260        57628.2274178241        24.6393534836825        33.1500790405505
 261        57628.2274189815        24.6413295734109        33.1501397739966
 262        57628.2274201389        24.6433478122385        33.1501727363952
 263        57628.2274212963        24.6453487583820        33.1501834709457
 264        57628.2274224537        24.6473130675637        33.1501748386471
 265        57628.2274236111        24.6492833519688        33.1501642425551
 266        57628.2274247685        24.6513538214067        33.1501173056992
 267        57628.2274259259        24.6534447500411        33.1500846163201
 268        57628.2274270833        24.6555501633046        33.1500681405935
 269        57628.2274282407        24.6575898459894        33.1500732399784
 270        57628.2274293981        24.6596224534443        33.1500632222852
 271        57628.2274305556        24.6616089801211        33.1500578475657
 272        57628.2274317130        24.6635599638658        33.1500501740189
 273        57628.2274328704        24.6654677035089        33.1500532032314
 274        57628.2274340278        24.6673589388253        33.1500651540974
 275        57628.2274351852        24.6692990980080        33.1500785229138
 276        57628.2274363426        24.6712631763872        33.1500840694915
 277        57628.2274375000        24.6732002138193        33.1501054753733
 278        57628.2274386574        24.6751671344329        33.1501170805057
 279        57628.2274398148        24.6771474239094        33.1501277888348
 280        57628.2274409722        24.6791826070775        33.1501379426279
 281        57628.2274421296        24.6811956211993        33.1501449120436
 282        57628.2274432870        24.6831847349539        33.1501597296139
 283        57628.2274444444        24.6851977557731        33.1501667081445
 284        57628.2274456018        24.6872568602992        33.1501690400325
 285        57628.2274467593        24.6893447495415        33.1501444957286
 286        57628.2274479167        24.6914101556267        33.1501308234516
 287        57628.2274490741        24.6934419217410        33.1501630960240
 288        57628.2274502315        24.6954651982895        33.1501772319188
 289        57628.2274513889        24.6974501039340        33.1501830305433
 290        57628.2274525463        24.6993730387736        33.1501742581614
 291        57628.2274537037        24.7012885569495        33.1501644153373
 292        57628.2274548611        24.7031811181137        33.1501202099132
 293        57628.2274560185        24.7051018354083        33.1500772365043
 294        57628.2274571759        24.7070404984657        33.1500284096329
 295        57628.2274583333        24.7089958852089        33.1500300208570
 296        57628.2274594907        24.7109646701813        33.1500307954252
 297        57628.2274606482        24.7129408416549        33.1500326189461
 298        57628.2274618056        24.7150134217104        33.1500342075552
 299        57628.2274629630        24.7170334445963        33.1499971610900
 300        57628.2274641204        24.7190028234282        33.1499697403155
 301        57628.2274652778        24.7209897087469        33.1499505784181
