   1        57628.2326388889        270.448889078000        29.5716725627971
   2        57628.2326400463        270.447372358386        29.5718412644014
   3        57628.2326412037        270.445656261077        29.5720018383148
   4        57628.2326423611        270.443844788654        29.5721681841395
   5        57628.2326435185        270.441734855102        29.5720719789999
   6        57628.2326446759        270.439724614808        29.5720186031739
   7        57628.2326458333        270.437640569078        29.5719038484225
   8        57628.2326469907        270.435567344451        29.5718718289196
   9        57628.2326481482        270.433570783909        29.5719077415632
  10        57628.2326493056        270.431415487329        29.5718827312124
  11        57628.2326504630        270.429268432011        29.5717893105562
  12        57628.2326516204        270.427108757690        29.5716381374466
  13        57628.2326527778        270.425118212154        29.5714650207292
  14        57628.2326539352        270.423233484294        29.5713583620966
  15        57628.2326550926        270.421459622123        29.5713878075762
  16        57628.2326562500        270.419607299843        29.5714518536213
  17        57628.2326574074        270.417802466151        29.5715077610938
  18        57628.2326585648        270.416004815906        29.5715412814735
  19        57628.2326597222        270.414220100365        29.5715655202225
  20        57628.2326608796        270.412410159806        29.5716293040603
  21        57628.2326620370        270.410635477615        29.5717152477574
  22        57628.2326631944        270.408721140419        29.5717546155713
  23        57628.2326643519        270.406752805424        29.5717679801298
  24        57628.2326655093        270.404763943337        29.5717249264496
  25        57628.2326666667        270.402764994918        29.5716976979069
  26        57628.2326678241        270.400798067264        29.5716755543005
  27        57628.2326689815        270.398901308819        29.5716872144444
  28        57628.2326701389        270.397047722187        29.5717972412152
  29        57628.2326712963        270.395062039972        29.5718488146144
  30        57628.2326724537        270.393180722032        29.5718472449947
  31        57628.2326736111        270.391272772943        29.5717656233349
  32        57628.2326747685        270.389380293233        29.5716707606780
  33        57628.2326759259        270.387555107211        29.5716031427256
  34        57628.2326770833        270.385734207506        29.5716617197600
  35        57628.2326782407        270.383804239956        29.5717143082805
  36        57628.2326793981        270.381854114495        29.5717209854470
  37        57628.2326805556        270.379988919758        29.5717272068551
  38        57628.2326817130        270.378052091412        29.5717351209009
  39        57628.2326828704        270.376137915514        29.5717849878949
  40        57628.2326840278        270.374274116052        29.5718332726265
  41        57628.2326851852        270.372319982402        29.5718794382754
  42        57628.2326863426        270.370338470782        29.5719020507378
  43        57628.2326875000        270.368375305700        29.5719179896700
  44        57628.2326886574        270.366448134565        29.5718995473454
  45        57628.2326898148        270.364484235535        29.5718944470732
  46        57628.2326909722        270.362623952816        29.5719703230385
  47        57628.2326921296        270.360671181138        29.5719809422659
  48        57628.2326932870        270.358651101784        29.5719643029340
  49        57628.2326944444        270.356720290513        29.5719182550198
  50        57628.2326956019        270.354871186143        29.5718546725233
  51        57628.2326967593        270.353080520275        29.5717883581491
  52        57628.2326979167        270.351323518753        29.5717795111280
  53        57628.2326990741        270.349479744256        29.5717961159311
  54        57628.2327002315        270.347569724098        29.5718170206619
  55        57628.2327013889        270.345614343086        29.5718315889062
  56        57628.2327025463        270.343638469306        29.5717897097602
  57        57628.2327037037        270.341579453878        29.5717232787947
  58        57628.2327048611        270.339656075220        29.5717429275593
  59        57628.2327060185        270.337747413622        29.5718059002961
  60        57628.2327071759        270.335786580226        29.5718178558344
  61        57628.2327083333        270.333842367026        29.5718283653280
  62        57628.2327094907        270.331943406022        29.5718649792289
  63        57628.2327106481        270.330071772476        29.5719251229389
  64        57628.2327118056        270.328239023615        29.5719574386983
  65        57628.2327129630        270.326367365301        29.5720175826486
  66        57628.2327141204        270.324389151941        29.5720677695003
  67        57628.2327152778        270.322391507379        29.5720930670320
  68        57628.2327164352        270.320442492428        29.5720641736651
  69        57628.2327175926        270.318500687409        29.5720128758749
  70        57628.2327187500        270.316574365049        29.5719483368936
  71        57628.2327199074        270.314714520605        29.5719855517213
  72        57628.2327210648        270.312749901971        29.5720475009131
  73        57628.2327222222        270.310739918003        29.5721031137099
  74        57628.2327233796        270.308763078785        29.5721177682818
  75        57628.2327245370        270.306858565701        29.5721517700092
  76        57628.2327256944        270.304986423944        29.5722013854287
  77        57628.2327268518        270.303103046437        29.5723128929673
  78        57628.2327280093        270.301208940966        29.5723415766083
  79        57628.2327291667        270.299237438381        29.5723588287620
  80        57628.2327303241        270.297326073055        29.5723481320466
  81        57628.2327314815        270.295363570896        29.5722780633906
  82        57628.2327326389        270.293399001240        29.5721847541431
  83        57628.2327337963        270.291513549622        29.5721554904694
  84        57628.2327349537        270.289655767142        29.5721602887208
  85        57628.2327361111        270.287717020339        29.5721260430922
  86        57628.2327372685        270.285838418429        29.5720638445642
  87        57628.2327384259        270.284012737010        29.5719960972778
  88        57628.2327395833        270.282228837129        29.5719070698430
  89        57628.2327407407        270.280466519172        29.5718284491747
  90        57628.2327418982        270.278603732496        29.5717635193475
  91        57628.2327430556        270.276665560932        29.5717402388454
  92        57628.2327442130        270.274711943252        29.5717402692499
  93        57628.2327453704        270.272796092786        29.5717585177804
  94        57628.2327465278        270.270832807071        29.5717072688839
  95        57628.2327476852        270.268898222477        29.5717216604836
  96        57628.2327488426        270.267078789456        29.5717657090313
  97        57628.2327500000        270.265103880340        29.5717658358681
  98        57628.2327511574        270.263119200537        29.5717923330840
  99        57628.2327523148        270.261157587097        29.5717937024613
 100        57628.2327534722        270.259262213152        29.5717907718148
 101        57628.2327546296        270.257359635777        29.5718103158768
 102        57628.2327557870        270.255497994534        29.5718651105129
 103        57628.2327569444        270.253541611112        29.5719467284598
 104        57628.2327581019        270.251549965161        29.5720061595877
 105        57628.2327592593        270.249574494675        29.5720734014078
 106        57628.2327604167        270.247607058981        29.5720616312070
 107        57628.2327615741        270.245652589663        29.5720405761376
 108        57628.2327627315        270.243779034703        29.5720585690782
 109        57628.2327638889        270.241803117678        29.5721152576132
 110        57628.2327650463        270.239817077035        29.5721877955071
 111        57628.2327662037        270.237844006789        29.5722510620801
 112        57628.2327673611        270.235929250236        29.5723113779300
 113        57628.2327685185        270.234044811264        29.5723241475604
 114        57628.2327696759        270.232175045018        29.5723802754864
 115        57628.2327708333        270.230291264904        29.5724141001802
 116        57628.2327719907        270.228313212190        29.5724076150204
 117        57628.2327731481        270.226396011346        29.5723942260481
 118        57628.2327743056        270.224478460735        29.5723703050439
 119        57628.2327754630        270.222546221346        29.5723030177262
 120        57628.2327766204        270.220705025644        29.5722589420391
 121        57628.2327777778        270.218847480568        29.5722847214617
 122        57628.2327789352        270.216866157633        29.5722611278740
 123        57628.2327800926        270.214913314712        29.5722150023779
 124        57628.2327812500        270.213005480671        29.5721646864163
 125        57628.2327824074        270.211159680887        29.5720613777702
 126        57628.2327835648        270.209372553425        29.5719656522326
 127        57628.2327847222        270.207626395364        29.5719052531508
 128        57628.2327858796        270.205750567236        29.5718600200147
 129        57628.2327870370        270.203878605701        29.5718529514251
 130        57628.2327881944        270.201968190680        29.5718065836333
 131        57628.2327893519        270.200016796192        29.5717248760116
 132        57628.2327905093        270.198100298320        29.5716548278374
 133        57628.2327916667        270.196251405244        29.5716226033344
 134        57628.2327928241        270.194316848192        29.5715697600656
 135        57628.2327939815        270.192365086893        29.5714775027828
 136        57628.2327951389        270.190449900872        29.5714495687063
 137        57628.2327962963        270.188559488151        29.5714491538991
 138        57628.2327974537        270.186738197657        29.5714510078090
 139        57628.2327986111        270.184918756396        29.5714278310958
 140        57628.2327997685        270.183012798974        29.5714406586919
 141        57628.2328009259        270.181059284920        29.5714616395853
 142        57628.2328020833        270.179081118986        29.5715433204996
 143        57628.2328032407        270.177106995422        29.5715854742403
 144        57628.2328043981        270.175117532129        29.5715631794110
 145        57628.2328055556        270.173247277502        29.5715310379807
 146        57628.2328067130        270.171343115597        29.5715188237447
 147        57628.2328078704        270.169373006241        29.5715214402561
 148        57628.2328090278        270.167386169848        29.5715834077833
 149        57628.2328101852        270.165409775948        29.5716400530567
 150        57628.2328113426        270.163513628322        29.5717147145612
 151        57628.2328125000        270.161651416531        29.5717694646172
 152        57628.2328136574        270.159755909181        29.5718651941821
 153        57628.2328148148        270.157789587405        29.5719059797990
 154        57628.2328159722        270.155813792347        29.5719836924970
 155        57628.2328171296        270.153826196292        29.5720245890059
 156        57628.2328182870        270.151790033413        29.5720420305551
 157        57628.2328194444        270.149863291560        29.5720760205236
 158        57628.2328206019        270.147915621546        29.5721206559348
 159        57628.2328217593        270.145909258198        29.5721576952446
 160        57628.2328229167        270.143904206172        29.5722368770980
 161        57628.2328240741        270.141994593789        29.5722999106183
 162        57628.2328252315        270.140149257250        29.5723058096428
 163        57628.2328263889        270.138320313852        29.5722418057722
 164        57628.2328275463        270.136543109749        29.5722183602991
 165        57628.2328287037        270.134638074850        29.5721850441917
 166        57628.2328298611        270.132685465706        29.5721598824595
 167        57628.2328310185        270.130759818399        29.5721477520825
 168        57628.2328321759        270.128767223707        29.5721188425576
 169        57628.2328333333        270.126842444309        29.5720500529274
 170        57628.2328344907        270.124960254769        29.5720693009724
 171        57628.2328356481        270.123065736419        29.5720566116625
 172        57628.2328368056        270.121110535373        29.5720353984443
 173        57628.2328379630        270.119217523583        29.5720494296596
 174        57628.2328391204        270.117295324339        29.5720649284724
 175        57628.2328402778        270.115416834089        29.5720340856144
 176        57628.2328414352        270.113579612150        29.5720491363332
 177        57628.2328425926        270.111734451945        29.5720655446172
 178        57628.2328437500        270.109747804983        29.5720602926399
 179        57628.2328449074        270.107823016499        29.5720797504526
 180        57628.2328460648        270.105852529338        29.5720823161662
 181        57628.2328472222        270.103872134897        29.5720228971839
 182        57628.2328483796        270.102018589126        29.5719418357664
 183        57628.2328495370        270.100185961923        29.5718501177227
 184        57628.2328506944        270.098269305191        29.5717904570993
 185        57628.2328518519        270.096349523157        29.5718019695096
 186        57628.2328530093        270.094464626557        29.5718251605994
 187        57628.2328541667        270.092558469044        29.5718484595776
 188        57628.2328553241        270.090705590998        29.5718767482911
 189        57628.2328564815        270.088841914533        29.5718998200221
 190        57628.2328576389        270.086870997638        29.5718918227180
 191        57628.2328587963        270.084896544679        29.5719183972691
 192        57628.2328599537        270.082953547352        29.5719550568669
 193        57628.2328611111        270.080967062740        29.5719603137247
 194        57628.2328622685        270.079028787422        29.5719784956837
 195        57628.2328634259        270.077165366568        29.5720121004937
 196        57628.2328645833        270.075245137760        29.5720130527270
 197        57628.2328657407        270.073272573364        29.5720406338180
 198        57628.2328668981        270.071288821915        29.5720524553843
 199        57628.2328680556        270.069376745470        29.5720625844795
 200        57628.2328692130        270.067540128923        29.5720209178807
 201        57628.2328703704        270.065730863431        29.5719820741900
 202        57628.2328715278        270.063852976174        29.5718944826549
 203        57628.2328726852        270.061927824593        29.5718255864436
 204        57628.2328738426        270.060018875839        29.5718528247339
 205        57628.2328750000        270.058062657124        29.5718987614456
 206        57628.2328761574        270.056134326291        29.5719010541317
 207        57628.2328773148        270.054248492396        29.5719031220164
 208        57628.2328784722        270.052354719017        29.5719065458345
 209        57628.2328796296        270.050378137698        29.5718958981795
 210        57628.2328807870        270.048430408566        29.5718732358499
 211        57628.2328819444        270.046510698532        29.5718952922979
 212        57628.2328831019        270.044602599634        29.5718658283545
 213        57628.2328842593        270.042774752609        29.5718543992585
 214        57628.2328854167        270.040969730278        29.5718072562760
 215        57628.2328865741        270.039031782911        29.5717581629447
 216        57628.2328877315        270.037107467397        29.5717208623900
 217        57628.2328888889        270.035188535058        29.5716861685264
 218        57628.2328900463        270.033210586960        29.5716333214740
 219        57628.2328912037        270.031350643111        29.5716167708444
 220        57628.2328923611        270.029539858896        29.5715564560331
 221        57628.2328935185        270.027615830691        29.5714413589007
 222        57628.2328946759        270.025698759713        29.5713815857585
 223        57628.2328958333        270.023762008985        29.5713746513208
 224        57628.2328969907        270.021789396923        29.5714127299121
 225        57628.2328981481        270.019892907756        29.5715084235330
 226        57628.2328993056        270.018064930769        29.5715853024232
 227        57628.2329004630        270.016094821203        29.5716194059643
 228        57628.2329016204        270.014143732459        29.5716679129927
 229        57628.2329027778        270.012193578500        29.5717480593173
 230        57628.2329039352        270.010183773372        29.5717889585950
 231        57628.2329050926        270.008193303249        29.5718548093520
 232        57628.2329062500        270.006303074389        29.5718964065555
 233        57628.2329074074        270.004330034096        29.5719239262274
 234        57628.2329085648        270.002324940031        29.5719463359662
 235        57628.2329097222        270.000331562755        29.5720056059521
 236        57628.2329108796        269.998378773481        29.5720897208724
 237        57628.2329120370        269.996467854045        29.5721525203625
 238        57628.2329131944        269.994669879297        29.5721712179064
 239        57628.2329143519        269.992801477473        29.5721454403766
 240        57628.2329155093        269.990870551418        29.5721621829074
 241        57628.2329166667        269.988959896822        29.5722355280944
 242        57628.2329178241        269.986945169917        29.5722949064087
 243        57628.2329189815        269.984926950697        29.5723266066123
 244        57628.2329201389        269.983009611911        29.5723551454739
 245        57628.2329212963        269.981092261776        29.5723836823984
 246        57628.2329224537        269.979098469177        29.5723440318032
 247        57628.2329236111        269.977151906589        29.5723740348744
 248        57628.2329247685        269.975257695048        29.5723773889946
 249        57628.2329259259        269.973345067455        29.5723874307836
 250        57628.2329270833        269.971517459404        29.5723970317707
 251        57628.2329282407        269.969704763717        29.5723722502664
 252        57628.2329293981        269.967801333847        29.5723347548474
 253        57628.2329305556        269.965888353620        29.5723342383080
 254        57628.2329317130        269.963964887875        29.5723390517192
 255        57628.2329328704        269.961947203539        29.5723034594541
 256        57628.2329340278        269.960038031772        29.5722527930482
 257        57628.2329351852        269.958234524254        29.5721804708045
 258        57628.2329363426        269.956359302692        29.5721098317641
 259        57628.2329375000        269.954425689639        29.5720421288661
 260        57628.2329386574        269.952523113663        29.5720362659712
 261        57628.2329398148        269.950602984918        29.5720686867595
 262        57628.2329409722        269.948732739148        29.5720784833153
 263        57628.2329421296        269.946907851894        29.5720946387671
 264        57628.2329432870        269.945012551919        29.5720663008776
 265        57628.2329444444        269.943084275344        29.5720011905301
 266        57628.2329456018        269.941148672624        29.5719585420466
 267        57628.2329467593        269.939204510940        29.5718961456584
 268        57628.2329479167        269.937218129522        29.5718445174823
 269        57628.2329490741        269.935371001238        29.5718291098844
 270        57628.2329502315        269.933519785871        29.5717649043677
 271        57628.2329513889        269.931575160526        29.5717020534883
 272        57628.2329525463        269.929706746354        29.5716867454532
 273        57628.2329537037        269.927820830286        29.5717097892928
 274        57628.2329548611        269.925916797931        29.5717500778787
 275        57628.2329560185        269.924068600123        29.5717913965738
 276        57628.2329571759        269.922207772244        29.5717641671799
 277        57628.2329583333        269.920323841651        29.5716737174327
 278        57628.2329594907        269.918440516529        29.5716043699470
 279        57628.2329606482        269.916489841651        29.5715960640131
 280        57628.2329618056        269.914452483744        29.5716238320601
 281        57628.2329629630        269.912508177508        29.5716433230836
 282        57628.2329641204        269.910640576719        29.5716596576061
 283        57628.2329652778        269.908695553329        29.5716645098538
 284        57628.2329664352        269.906737193054        29.5716681083342
 285        57628.2329675926        269.904821646995        29.5716820429006
 286        57628.2329687500        269.902904457352        29.5717316147881
 287        57628.2329699074        269.900994252476        29.5717481649901
 288        57628.2329710648        269.899128641197        29.5718383968455
 289        57628.2329722222        269.897193961930        29.5718379237014
 290        57628.2329733796        269.895217050371        29.5718482225106
 291        57628.2329745370        269.893272312448        29.5718813824861
 292        57628.2329756944        269.891254362575        29.5719446794036
 293        57628.2329768519        269.889255115969        29.5720118397772
 294        57628.2329780093        269.887385372177        29.5720532586101
 295        57628.2329791667        269.885534468406        29.5720101100715
 296        57628.2329803241        269.883602994190        29.5719383326661
 297        57628.2329814815        269.881692035689        29.5719337590222
 298        57628.2329826389        269.879766395342        29.5719741382788
 299        57628.2329837963        269.877856012701        29.5719906814865
 300        57628.2329849537        269.875975719849        29.5720374258724
 301        57628.2329861111        269.874076761326        29.5720057161639
