      103.686    0.0725580 -1.27386e-05 -1.01114e-10  2.53449e-14
      136.847    0.0716613 -1.25720e-05 -9.81858e-11  2.28660e-14
      169.488    0.0711511 -1.26650e-05 -2.85480e-11  1.46457e-14
      201.788    0.0705473 -1.26603e-05  1.06152e-11  9.35599e-15
      233.724    0.0699365 -1.26295e-05  3.87331e-11  5.42514e-15
      265.303    0.0694154 -1.26683e-05  8.67704e-11 -4.37651e-16
      296.528    0.0688287 -1.26146e-05  1.00527e-10 -2.44918e-15
      327.363    0.0684020 -1.26774e-05  1.47797e-10 -7.79454e-15
      357.997    0.0675886 -1.24228e-05  9.83957e-11 -3.29643e-15
      388.216    0.0669810 -1.23147e-05  9.00043e-11 -2.70269e-15
      418.101    0.0663901 -1.22121e-05  8.27212e-11 -2.24402e-15
      447.662    0.0658105 -1.21180e-05  7.87891e-11 -2.23801e-15
      476.910    0.0651967 -1.19808e-05  5.86528e-11 -3.10646e-16
      505.830    0.0646184 -1.18712e-05  4.72976e-11  6.76730e-16
      534.436    0.0640199 -1.17285e-05  2.19385e-11  3.47167e-15
      562.720    0.0634942 -1.16545e-05  2.20524e-11  3.17704e-15
      590.707    0.0629278 -1.15366e-05  6.36172e-12  4.71385e-15
      618.388    0.0623997 -1.14450e-05 -2.72767e-12  5.75142e-15
      645.778    0.0618537 -1.13378e-05 -1.58332e-11  7.10256e-15
      672.876    0.0612780 -1.11973e-05 -3.90942e-11  9.44172e-15
      699.681    0.0607595 -1.11031e-05 -4.84374e-11  1.03732e-14
      726.188    0.0602840 -1.10427e-05 -4.73513e-11  1.01785e-14
      752.464    0.0597125 -1.09238e-05 -6.27759e-11  1.17842e-14
      778.431    0.0591237 -1.07643e-05 -9.16926e-11  1.46709e-14
      804.102    0.0586411 -1.06968e-05 -9.24000e-11  1.46517e-14
      829.513    0.0580916 -1.05731e-05 -1.09791e-10  1.63291e-14
      854.609    0.0576095 -1.04947e-05 -1.12112e-10  1.63004e-14
      879.449    0.0571775 -1.04486e-05 -1.07438e-10  1.58384e-14
      904.047    0.0566586 -1.03207e-05 -1.28137e-10  1.79087e-14
      928.407    0.0561486 -1.02017e-05 -1.47547e-10  1.99728e-14
      952.512    0.0556544 -1.01248e-05 -1.48739e-10  1.98574e-14
      976.322    0.0551478 -9.99731e-06 -1.69753e-10  2.19083e-14
      999.905    0.0546700 -9.91190e-06 -1.76308e-10  2.25427e-14
      1023.22    0.0542035 -9.80954e-06 -1.89931e-10  2.38486e-14
      1046.32    0.0537149 -9.70733e-06 -2.01100e-10  2.48267e-14
      1069.17    0.0532393 -9.58991e-06 -2.19566e-10  2.66446e-14
      1091.77    0.0527993 -9.49267e-06 -2.31589e-10  2.77708e-14
      1114.16    0.0524075 -9.45427e-06 -2.26816e-10  2.73709e-14
      1136.35    0.0518928 -9.32708e-06 -2.43438e-10  2.86362e-14
      1158.28    0.0514584 -9.25276e-06 -2.47340e-10  2.89097e-14
      1179.96    0.0510735 -9.18842e-06 -2.51693e-10  2.93242e-14
      1201.45    0.0506723 -9.14380e-06 -2.43693e-10  2.82304e-14
      1222.70    0.0502482 -8.99333e-06 -2.79917e-10  3.22073e-14
      1243.82    0.0498498 -8.96241e-06 -2.66156e-10  3.04084e-14
      1264.71    0.0494142 -8.83002e-06 -2.95304e-10  3.35366e-14
      1285.38    0.0489767 -8.72615e-06 -3.10558e-10  3.51339e-14
      1305.82    0.0486053 -8.64314e-06 -3.18377e-10  3.56355e-14
      1326.14    0.0482736 -8.61695e-06 -3.09735e-10  3.47146e-14
      1346.27    0.0478758 -8.53312e-06 -3.19379e-10  3.57744e-14
      1366.20    0.0475821 -8.48277e-06 -3.25433e-10  3.65523e-14
      1386.01    0.0471308 -8.35380e-06 -3.46048e-10  3.84770e-14
      1405.62    0.0467950 -8.28722e-06 -3.55028e-10  3.96439e-14
      1425.07    0.0463915 -8.18599e-06 -3.64408e-10  3.99531e-14
      1444.39    0.0461017 -8.20215e-06 -3.43544e-10  3.79275e-14
      1463.51    0.0457746 -8.08685e-06 -3.69366e-10  4.06831e-14
      1482.56    0.0453917 -8.00966e-06 -3.72140e-10  4.07355e-14
      1501.48    0.0451538 -8.00176e-06 -3.65330e-10  4.01991e-14
      1520.26    0.0448002 -7.90681e-06 -3.77398e-10  4.11686e-14
      1538.98    0.0443803 -7.78329e-06 -3.98090e-10  4.33306e-14
      1557.57    0.0441803 -7.76344e-06 -4.02423e-10  4.44453e-14
      1576.08    0.0437426 -7.60668e-06 -4.23251e-10  4.54202e-14
      1594.53    0.0434900 -7.61350e-06 -4.08480e-10  4.42523e-14
      1612.89    0.0432462 -7.51440e-06 -4.37068e-10  4.77382e-14
      1631.25    0.0429313 -7.46786e-06 -4.36433e-10  4.78137e-14
      1649.50    0.0425963 -7.38399e-06 -4.39330e-10  4.73760e-14
      1667.79    0.0423680 -7.38534e-06 -4.26474e-10  4.63925e-14
      1686.03    0.0422394 -7.40589e-06 -4.15338e-10  4.58697e-14
      1704.35    0.0417982 -7.18435e-06 -4.68298e-10  5.07780e-14
      1722.62    0.0415541 -7.17611e-06 -4.49563e-10  4.85364e-14
      1741.10    0.0412309 -7.05808e-06 -4.81009e-10  5.25154e-14
      1759.63    0.0409751 -7.04346e-06 -4.65157e-10  5.04577e-14
      1778.12    0.0407943 -6.94772e-06 -4.95007e-10  5.41453e-14
      1796.79    0.0406664 -7.00452e-06 -4.60079e-10  5.03931e-14
      1815.56    0.0404850 -6.92208e-06 -4.85177e-10  5.38473e-14
      1834.48    0.0401376 -6.65331e-06 -5.54407e-10  5.94741e-14
      1853.71    0.0391547 -6.01174e-06 -7.31352e-10  7.84940e-14
      1872.75    0.0395398 -6.61745e-06 -4.89110e-10  5.06420e-14
      1892.39    0.0384667 -5.74358e-06 -7.70486e-10  8.21007e-14
      1912.44    0.0371064 -4.63876e-06 -1.06849e-09  1.08911e-13
